4750 915 4816 4586 1120 4478
4773 882 4834 4548 1134 4511
4745 850 4816 4572 1120 4511
4769 864 4787 4586 1162 4487
4745 892 4853 4590 1134 4520
4783 901 4778 4604 1148 4506
4740 887 4830 4558 1162 4501
4722 892 4848 4619 1096 4534
4750 882 4801 4492 1064 4478
4773 840 4806 4609 1148 4497
4731 911 4816 4600 1134 4492
4759 895 4764 4581 1176 4473
4759 868 4755 4633 1139 4468
4726 882 4834 4572 1120 4487
4745 882 4773 4543 1157 4543
4740 878 4816 4562 1134 4506
4750 887 4834 4614 1148 4511
4755 878 4769 4590 1181 4468
4820 887 4801 4553 1157 4511
4797 920 4797 4637 1134 4501
4773 911 4769 4520 1185 4454
4769 868 4806 4581 1181 4445
4778 887 4755 4553 1171 4459
4811 854 4787 4623 1153 4525
4745 882 4830 4558 1157 4468
4778 873 4811 4576 1157 4520
4755 873 4801 4567 1167 4459
4764 897 4848 4534 1129 4487
4811 901 4750 4558 1153 4487
4750 918 4830 4623 1106 4478
4787 897 4811 4567 1157 4468
4759 859 4811 4604 1148 4511
4801 901 4801 4572 1120 4515
4745 873 4867 4633 1162 4525
4769 897 4820 4595 1162 4487
4755 887 4816 4590 1148 4478
4783 906 4792 4520 1190 4450
4750 873 4801 4581 1120 4529
4769 873 4769 4581 1106 4501
4769 901 4820 4623 1162 4548
4778 882 4797 4619 1148 4515
4764 882 4811 4604 1176 4468
4759 915 4787 4619 1157 4487
4797 915 4801 4595 1120 4506
4736 901 4792 4619 1162 4497
4764 859 4773 4604 1129 4450
4764 864 4811 4558 1115 4506
4773 911 4811 4595 1148 4511
4778 873 4820 4572 1134 4506
4759 915 4834 4581 1167 4511
