4966 956 4637 4511 1096 4665
4979 942 4647 4520 1059 4731
4928 927 4694 4478 1078 4698
4956 920 4628 4511 1049 4717
4961 998 4651 4525 1068 4656
4923 979 4642 4483 1045 4689
4974 974 4661 4534 1092 4712
4942 988 4689 4520 1064 4764
4928 918 4628 4501 1040 4712
4960 906 4642 4558 1059 4694
4942 946 4656 4501 1026 4670
4965 946 4628 4511 1064 4684
4947 899 4656 4520 1082 4656
4961 946 4656 4525 1087 4722
4947 984 4600 4511 1073 4637
4928 970 4670 4529 1017 4712
4923 913 4656 4511 1054 4731
4937 1007 4614 4506 1040 4769
4970 895 4647 4534 1120 4717
4970 899 4614 4492 1082 4684
4952 923 4680 4506 1064 4642
4895 970 4665 4520 1096 4755
4965 965 4675 4553 1068 4680
4952 946 4633 4487 1096 4675
4909 918 4656 4492 1068 4689
4965 942 4637 4534 1045 4722
4914 932 4642 4501 1078 4740
4960 909 4665 4511 1040 4736
4952 899 4637 4520 1073 4680
4933 923 4665 4511 1054 4661
4965 970 4656 4501 1045 4694
4979 887 4614 4520 1078 4750
4928 1007 4590 4515 1064 4708
4905 960 4680 4459 1092 4703
4956 942 4623 4529 1059 4651
4966 960 4665 4483 1059 4680
4933 984 4590 4497 1087 4745
4914 904 4675 4501 1087 4745
4937 899 4647 4492 1035 4722
4947 927 4656 4501 1082 4717
4956 942 4619 4478 1106 4703
4960 946 4633 4525 1017 4712
4919 956 4684 4520 1124 4698
4937 913 4712 4506 1068 4689
4966 960 4665 4529 1087 4684
4914 946 4647 4520 1092 4708
4928 911 4651 4515 1073 4717
4937 951 4680 4497 1082 4694
4947 1007 4619 4492 1059 4722
4923 942 4637 4525 1054 4647
