4543 956 4872 5007 1017 4511
4595 988 4928 5017 1129 4525
4567 970 4895 4979 1031 4483
4572 979 4872 5007 1096 4520
4586 960 4867 4998 1026 4558
4576 956 4914 5003 1073 4525
4576 970 4919 5059 1134 4553
4586 904 4937 5040 1106 4525
4558 1003 4923 4966 1078 4501
4581 927 4914 5045 1040 4534
4595 974 4895 4979 1021 4529
4590 965 4947 4923 1054 4511
4529 899 4909 4974 1059 4515
4548 918 4886 5054 1087 4497
4576 984 4914 4998 1106 4525
4595 946 4947 5031 1064 4548
4590 965 4895 5068 1073 4483
4567 979 4905 5035 1031 4497
4590 965 4895 5073 1026 4534
4590 974 4914 5035 1035 4515
4619 965 4928 5045 1045 4562
4581 960 4839 4998 1035 4520
4586 993 4816 5031 988 4497
4590 904 4872 4974 1003 4468
4590 942 4862 5026 1026 4539
4586 951 4947 4984 1064 4501
4558 932 4867 5045 1096 4497
4558 932 4858 5021 1045 4506
4581 913 4942 5012 1054 4515
4586 927 4858 4956 1054 4543
4576 904 4919 4984 1068 4525
4548 904 4844 4998 1021 4525
4562 937 4876 4998 1045 4511
4623 937 4862 5031 1045 4520
4548 946 4891 5049 1049 4492
4586 932 4858 5021 1049 4483
4609 918 4886 5012 1092 4525
4614 915 4881 4979 1021 4492
4609 960 4876 4956 1026 4534
4590 901 4947 5035 1120 4487
4562 927 4895 5012 1040 4520
4581 1012 4905 4984 1101 4525
4562 911 4891 5049 1035 4511
4619 923 4862 4974 1134 4515
4567 979 4848 5017 1096 4520
4558 937 4876 5007 1101 4520
4567 998 4844 5012 1045 4497
4586 946 4858 5003 1035 4515
4595 1012 4858 5017 1045 4501
4567 899 4834 4970 1096 4511
