4736 1223 4440 4637 854 4923
4787 1256 4431 4637 899 4886
4726 1264 4431 4600 897 4956
4740 1242 4445 4637 850 4919
4764 1260 4492 4595 873 4961
4708 1251 4450 4628 864 4942
4750 1255 4436 4628 864 4928
4717 1260 4407 4647 909 4928
4731 1260 4468 4619 906 4876
4722 1200 4398 4619 821 4928
4726 1264 4445 4614 859 4900
4722 1218 4440 4647 878 4937
4806 1242 4459 4623 895 4937
4731 1283 4459 4647 913 4928
4792 1260 4417 4604 895 4886
4726 1237 4459 4576 840 4956
4684 1232 4431 4628 845 4947
4740 1200 4450 4633 897 4919
4689 1278 4412 4595 946 4942
4736 1265 4431 4651 845 4965
4764 1204 4389 4623 911 4937
4689 1237 4445 4529 895 4928
4698 1167 4417 4675 897 4914
4670 1223 4375 4628 901 4900
4708 1260 4431 4661 868 4952
4811 1256 4422 4670 864 4872
4712 1204 4464 4600 895 4891
4731 1246 4426 4623 878 4909
4731 1251 4464 4642 873 4876
4792 1246 4459 4647 868 4942
4717 1260 4454 4656 892 4928
4736 1260 4459 4595 859 4914
4773 1246 4454 4619 882 4965
4745 1256 4459 4623 878 4919
4764 1237 4436 4637 850 4937
4764 1214 4436 4619 859 4998
4750 1242 4459 4604 904 4900
4726 1237 4450 4642 909 4914
4787 1256 4426 4609 904 4937
4717 1218 4431 4633 864 4993
4731 1246 4422 4590 906 4928
4703 1264 4403 4576 840 4928
4647 1270 4412 4609 864 4905
4783 1259 4478 4586 859 4970
4778 1185 4464 4670 901 4909
4694 1214 4417 4623 892 4900
4755 1232 4389 4633 909 4867
4740 1246 4426 4604 868 4970
4722 1265 4407 4661 873 4956
4722 1265 4454 4604 899 4961
