4567 1078 4708 4834 927 4665
4553 1082 4619 4876 960 4614
4511 1082 4708 4830 920 4595
4501 1035 4675 4792 899 4619
4501 1096 4698 4862 899 4628
4548 1035 4708 4886 942 4619
4511 1106 4740 4830 937 4633
4468 1054 4703 4825 965 4600
4515 1035 4708 4862 932 4604
4539 1101 4675 4834 946 4647
4558 1049 4689 4858 951 4581
4529 1040 4755 4844 960 4614
4511 1078 4736 4858 937 4614
4501 1078 4656 4820 984 4628
4506 1096 4764 4830 951 4600
4478 1092 4637 4811 927 4661
4562 1059 4680 4853 882 4586
4468 1110 4708 4816 956 4595
4595 1064 4680 4862 946 4576
4506 1021 4703 4844 988 4633
4572 1110 4740 4820 895 4628
4492 1078 4698 4834 909 4614
4464 1078 4694 4881 993 4647
4464 1059 4623 4825 923 4614
4520 1106 4712 4806 918 4623
4539 1064 4736 4886 946 4604
4553 1068 4665 4787 920 4633
4539 1049 4698 4839 951 4628
4497 1054 4731 4886 937 4619
4459 1064 4731 4858 960 4581
4468 1021 4684 4876 932 4623
4487 1087 4675 4844 904 4642
4492 1087 4656 4881 909 4614
4483 1049 4703 4844 927 4647
4539 1082 4670 4834 918 4642
4520 1064 4708 4867 909 4619
4539 1031 4703 4816 960 4633
4520 1101 4665 4806 915 4661
4501 1096 4717 4811 899 4609
4511 1078 4665 4853 960 4628
4548 1068 4684 4862 918 4604
4478 1082 4694 4853 984 4628
4511 1087 4703 4783 960 4600
4483 1073 4684 4862 932 4609
4515 1073 4698 4811 956 4595
4459 1092 4665 4909 984 4604
4445 1031 4712 4872 951 4637
4468 1064 4708 4858 946 4619
4501 1078 4651 4872 974 4614
4520 1124 4708 4844 937 4642
