4952 1120 4581 4525 956 4914
4952 1124 4576 4506 906 4914
5017 1096 4539 4586 951 4881
4979 1096 4548 4548 979 4923
5007 1096 4572 4539 913 4886
4942 1124 4539 4543 937 4895
4974 1092 4501 4558 937 4952
4979 1087 4562 4515 899 4886
4952 1073 4534 4520 918 4905
5031 1101 4529 4501 918 4886
5003 1124 4529 4529 892 4895
4928 1087 4600 4520 913 4876
4974 1134 4548 4511 960 4867
5031 1120 4567 4539 942 4928
4993 1082 4534 4520 918 4891
4956 1106 4501 4553 904 4905
4914 1115 4529 4506 960 4900
4970 1059 4529 4543 965 4919
4979 1115 4548 4529 918 4900
4974 1101 4534 4595 951 4858
4966 1143 4511 4511 899 4895
4979 1139 4506 4534 951 4862
5012 1134 4567 4534 956 4867
4970 1101 4543 4572 895 4867
4952 1139 4478 4558 918 4914
4937 1106 4581 4548 932 4872
4928 1082 4534 4558 965 4933
4933 1073 4567 4506 932 4876
4947 1082 4529 4543 960 4886
4966 1115 4553 4539 998 4900
5017 1073 4562 4543 951 4881
5003 1087 4511 4572 960 4858
4960 1115 4548 4553 918 4872
4919 1087 4553 4548 923 4895
4993 1157 4543 4511 965 4862
4993 1078 4553 4525 932 4862
4952 1059 4539 4543 932 4937
4956 1049 4548 4525 906 4886
4984 1068 4562 4501 984 4919
5017 1129 4487 4539 923 4937
4947 1171 4520 4543 988 4956
4919 1040 4515 4581 918 4853
4923 1045 4515 4520 918 4862
4919 1129 4520 4520 984 4872
4993 1129 4520 4525 913 4876
4947 1087 4567 4558 960 4876
4937 1101 4483 4539 909 4858
4919 1110 4614 4520 946 4900
4979 1096 4553 4529 918 4872
4947 1096 4553 4548 951 4891
