4576 1162 4520 4750 836 4816
4511 1157 4539 4750 873 4811
4619 1106 4515 4750 840 4876
4628 1139 4487 4745 850 4792
4567 1148 4529 4750 854 4811
4586 1106 4487 4708 821 4844
4576 1157 4501 4745 803 4792
4590 1153 4515 4712 864 4801
4581 1134 4543 4698 854 4839
4586 1124 4567 4708 845 4787
4520 1162 4534 4745 831 4792
4567 1143 4525 4750 840 4834
4586 1167 4515 4759 812 4825
4525 1139 4548 4759 807 4872
4609 1101 4586 4783 854 4797
4576 1176 4548 4745 854 4834
4548 1134 4497 4764 864 4830
4534 1124 4520 4675 826 4853
4529 1148 4529 4759 859 4764
4539 1190 4567 4797 850 4755
4595 1143 4543 4787 864 4811
4581 1162 4445 4764 859 4801
4604 1176 4464 4736 817 4820
4534 1171 4543 4740 845 4778
4595 1153 4511 4689 812 4811
4562 1157 4539 4755 807 4726
4576 1153 4511 4731 836 4806
4572 1195 4520 4680 821 4830
4562 1129 4506 4764 854 4806
4581 1153 4548 4745 859 4726
4539 1167 4558 4801 826 4839
4572 1134 4483 4745 864 4764
4534 1181 4478 4731 836 4792
4562 1139 4525 4769 812 4844
4525 1162 4501 4740 812 4755
4515 1162 4468 4731 826 4839
4553 1181 4525 4759 836 4848
4562 1153 4548 4731 817 4797
4558 1120 4506 4736 873 4844
4558 1171 4525 4731 803 4811
4572 1162 4511 4755 812 4792
4581 1143 4548 4712 845 4801
4586 1143 4492 4698 873 4825
4539 1190 4562 4726 882 4778
4595 1157 4501 4722 836 4764
4586 1139 4473 4750 831 4773
4572 1134 4492 4759 821 4778
4539 1162 4581 4736 859 4811
4576 1185 4492 4745 798 4839
4553 1129 4529 4783 817 4787
