4642 911 4858 4717 1153 4450
4708 873 4830 4703 1171 4473
4642 942 4816 4745 1185 4473
4684 951 4834 4755 1143 4454
4637 906 4891 4694 1143 4459
4680 859 4956 4694 1134 4440
4703 878 4923 4689 1143 4422
4619 906 4848 4769 1148 4450
4689 927 4839 4694 1124 4440
4647 918 4867 4731 1157 4445
4670 892 4905 4698 1153 4454
4647 864 4820 4712 1148 4431
4647 878 4848 4684 1124 4459
4651 906 4844 4684 1148 4426
4698 946 4872 4698 1148 4487
4675 895 4933 4684 1120 4454
4647 911 4848 4698 1176 4426
4647 911 4876 4769 1204 4464
4614 913 4862 4665 1148 4511
4722 904 4891 4661 1162 4454
4689 868 4853 4689 1167 4445
4628 882 4928 4745 1171 4445
4712 897 4886 4722 1148 4436
4665 970 4881 4722 1171 4501
4670 956 4844 4722 1153 4459
4642 909 4825 4750 1139 4492
4759 887 4825 4670 1153 4440
4637 892 4923 4722 1148 4445
4698 932 4900 4694 1120 4468
4661 909 4839 4708 1153 4515
4665 918 4853 4665 1153 4478
4670 899 4825 4675 1129 4473
4670 942 4886 4722 1167 4478
4642 887 4820 4722 1167 4483
4675 909 4881 4661 1148 4506
4680 927 4825 4722 1124 4454
4623 932 4853 4726 1143 4487
4698 895 4900 4750 1181 4440
4680 909 4834 4712 1167 4464
4665 920 4937 4651 1185 4473
4722 873 4876 4726 1209 4497
4628 873 4905 4703 1157 4459
4703 859 4820 4778 1101 4436
4661 892 4905 4759 1134 4468
4703 911 4891 4759 1153 4506
4670 942 4886 4684 1153 4454
4708 882 4900 4731 1134 4468
4637 911 4867 4684 1143 4440
4680 901 4830 4703 1124 4412
4731 932 4919 4731 1176 4468
