4407 1779 4099 4215 1564 4543
4351 1859 4094 4178 1541 4576
4370 1793 4084 4188 1583 4483
4375 1850 4061 4174 1578 4487
4393 1789 4094 4178 1574 4586
4393 1836 4108 4197 1578 4483
4431 1831 4103 4183 1574 4478
4431 1892 4089 4155 1592 4534
4351 1779 4099 4188 1545 4548
4450 1812 4094 4178 1559 4539
4384 1779 4117 4174 1583 4525
4422 1864 4075 4141 1597 4473
4379 1854 4127 4206 1597 4548
4365 1836 4099 4183 1588 4487
4346 1845 4070 4183 1559 4487
4361 1850 4108 4202 1583 4520
4370 1840 4108 4220 1583 4511
4403 1850 4103 4169 1578 4483
4365 1845 4084 4192 1569 4567
4403 1826 4113 4197 1625 4534
4403 1868 4080 4164 1555 4529
4407 1807 4113 4188 1583 4487
4412 1882 4103 4159 1602 4539
4375 1836 4089 4178 1592 4478
4309 1864 4075 4225 1583 4525
4375 1779 4127 4178 1574 4506
4393 1817 4103 4211 1564 4529
4361 1840 4066 4150 1564 4506
4450 1887 4089 4202 1569 4529
4412 1765 4103 4206 1602 4511
4379 1789 4131 4159 1597 4525
4422 1798 4094 4178 1550 4497
4389 1807 4141 4188 1592 4539
4375 1892 4131 4197 1606 4553
4361 1775 4084 4159 1550 4464
4365 1920 4052 4183 1564 4548
4365 1854 4084 4197 1550 4478
4370 1882 4113 4169 1588 4539
4403 1793 4084 4192 1578 4483
4379 1807 4080 4159 1583 4483
4398 1812 4103 4206 1583 4553
4346 1817 4103 4178 1583 4548
4375 1798 4150 4216 1588 4492
4375 1793 4099 4202 1559 4572
4436 1836 4113 4169 1574 4529
4412 1793 4089 4155 1611 4497
4375 1793 4056 4183 1569 4403
4398 1859 4113 4169 1569 4525
4412 1789 4094 4183 1531 4501
4370 1850 4108 4136 1574 4553
