4487 1625 4286 4216 1803 4384
4487 1611 4243 4225 1742 4417
4487 1597 4309 4216 1765 4426
4459 1616 4332 4215 1746 4440
4483 1602 4276 4178 1756 4403
4492 1624 4304 4183 1845 4436
4529 1629 4267 4188 1854 4393
4548 1625 4295 4211 1779 4398
4492 1602 4309 4220 1765 4468
4454 1588 4304 4192 1812 4375
4483 1634 4300 4197 1784 4379
4464 1592 4281 4248 1770 4436
4450 1574 4328 4174 1793 4454
4501 1550 4314 4220 1831 4375
4492 1569 4323 4188 1784 4361
4473 1602 4257 4220 1793 4445
4445 1606 4304 4206 1798 4450
4473 1602 4262 4197 1859 4417
4511 1574 4248 4174 1840 4422
4478 1588 4300 4174 1840 4384
4483 1606 4257 4206 1765 4431
4464 1592 4267 4192 1765 4454
4473 1616 4267 4197 1793 4398
4492 1602 4300 4220 1817 4393
4436 1588 4290 4174 1798 4445
4478 1634 4328 4215 1812 4375
4417 1616 4271 4215 1803 4379
4483 1620 4318 4234 1850 4412
4497 1541 4290 4197 1864 4407
4501 1602 4300 4192 1836 4337
4478 1578 4253 4169 1840 4459
4478 1620 4262 4192 1821 4464
4525 1620 4239 4216 1845 4436
4478 1592 4318 4220 1859 4398
4454 1555 4295 4206 1826 4375
4459 1592 4300 4202 1831 4379
4459 1620 4323 4197 1840 4403
4483 1602 4309 4178 1807 4445
4445 1574 4281 4220 1831 4393
4506 1559 4262 4229 1821 4407
4501 1629 4271 4202 1770 4445
4487 1574 4300 4202 1737 4412
4473 1588 4290 4202 1770 4454
4483 1555 4304 4225 1718 4398
4501 1597 4257 4188 1775 4412
4464 1639 4309 4174 1817 4454
4454 1625 4314 4178 1728 4384
4454 1583 4271 4220 1789 4417
4440 1592 4318 4178 1793 4412
4417 1606 4248 4192 1784 4422
