4103 1653 4731 4520 1756 4169
4169 1662 4726 4539 1765 4188
4108 1667 4736 4576 1695 4159
4169 1648 4881 4529 1742 4164
4169 1624 4750 4572 1728 4164
4169 1657 4937 4604 1714 4141
4131 1648 4595 4511 1685 4178
4084 1653 4731 4520 1732 4113
4155 1648 4675 4595 1723 4117
4150 1639 4684 4534 1742 4145
4178 1639 4708 4543 1742 4174
4127 1639 4689 4543 1704 4113
4089 1653 4773 4543 1714 4164
4150 1685 4684 4539 1718 4131
4145 1634 4656 4468 1700 4159
4108 1624 4675 4534 1723 4117
4145 1653 4637 4572 1737 4178
4127 1648 4680 4539 1695 4131
4099 1624 4773 4525 1709 4113
4113 1643 4642 4511 1732 4141
4136 1648 4684 4553 1709 4145
4136 1639 4689 4525 1728 4141
4108 1639 4731 4562 1742 4127
4108 1700 4726 4511 1695 4188
4145 1653 4651 4501 1756 4188
4131 1639 4675 4487 1714 4113
4155 1671 4712 4562 1728 4155
4174 1685 5054 4520 1751 4127
4131 1620 4675 4553 1761 4159
4127 1616 4755 4558 1723 4169
4150 1653 4726 4534 1728 4159
4084 1648 4661 4562 1737 4150
4127 1648 4736 4567 1709 4155
4113 1643 4633 4473 1732 4136
4145 1625 4773 4506 1746 4136
4150 1629 4675 4506 1714 4183
4099 1625 4656 4548 1765 4127
4117 1653 4787 4534 1737 4164
4117 1634 5012 4548 1700 4164
4164 1700 4586 4520 1714 4178
4141 1653 4661 4534 1746 4141
4094 1639 4689 4600 1695 4164
4136 1676 4680 4492 1737 4145
4108 1676 4614 4586 1728 4155
4108 1629 4778 4515 1690 4145
4141 1624 4787 4548 1681 4159
4127 1657 4656 4553 1695 4141
4141 1634 4820 4548 1723 4178
4141 1676 4661 4515 1761 4141
4174 1616 4656 4562 1718 4150
