4239 1882 4239 4271 1564 4426
4253 1873 4202 4262 1588 4473
4295 1873 4215 4318 1574 4464
4243 1892 4243 4304 1536 4422
4318 1925 4206 4267 1564 4450
4220 1906 4220 4346 1578 4464
4243 1911 4276 4304 1559 4454
4211 1864 4234 4295 1569 4501
4225 1864 4304 4342 1545 4459
4234 1873 4211 4300 1559 4445
4248 1864 4281 4365 1616 4445
4239 1906 4300 4337 1606 4445
4253 1878 4290 4290 1597 4468
4243 1897 4220 4281 1620 4445
4248 1831 4295 4286 1592 4450
4243 1911 4304 4342 1555 4422
4300 1878 4220 4314 1541 4417
4234 1911 4243 4332 1620 4436
4220 1892 4323 4356 1588 4426
4271 1821 4267 4276 1559 4468
4267 1901 4257 4304 1592 4431
4286 1789 4248 4328 1545 4445
4290 1854 4271 4262 1574 4361
4243 1911 4188 4365 1574 4464
4243 1915 4215 4281 1574 4417
4248 1892 4229 4332 1606 4459
4271 1882 4286 4332 1588 4506
4206 1911 4281 4290 1588 4454
4243 1878 4267 4337 1578 4440
4239 1859 4220 4356 1602 4483
4276 1845 4314 4300 1583 4483
4253 1878 4239 4309 1592 4454
4234 1845 4262 4304 1592 4407
4229 1897 4243 4328 1583 4445
4220 1887 4257 4281 1541 4412
4234 1850 4262 4281 1559 4464
4295 1864 4267 4281 1574 4468
4257 1892 4300 4365 1625 4412
4216 1915 4281 4281 1616 4422
4248 1901 4188 4361 1545 4445
4229 1897 4262 4295 1574 4483
4229 1873 4309 4318 1559 4497
4229 1845 4253 4346 1555 4393
4239 1878 4253 4286 1602 4436
4262 1859 4220 4286 1611 4422
4178 1915 4253 4295 1606 4431
4243 1882 4239 4314 1578 4426
4229 1845 4220 4323 1531 4445
4211 1868 4328 4342 1564 4468
4286 1859 4328 4286 1602 4445
