4361 1634 4497 4253 1990 4253
4342 1616 4464 4271 1986 4281
4351 1629 4468 4346 1962 4234
4337 1550 4393 4286 1994 4290
4351 1611 4468 4342 1995 4248
4361 1634 4459 4239 1995 4286
4318 1574 4454 4295 1986 4220
4318 1578 4403 4248 1976 4281
4332 1629 4487 4290 1990 4178
4342 1592 4473 4304 1976 4248
4304 1624 4478 4243 1981 4271
4346 1606 4468 4192 2004 4220
4346 1625 4431 4314 1953 4262
4328 1643 4445 4229 1967 4262
4304 1620 4445 4318 1981 4234
4365 1620 4445 4262 1990 4178
4365 1606 4407 4323 1948 4178
4314 1611 4478 4318 1990 4239
4407 1606 4426 4267 1986 4225
4375 1616 4407 4281 1990 4253
4309 1625 4492 4267 1958 4174
4361 1616 4407 4309 1986 4234
4370 1606 4468 4290 1962 4286
4328 1629 4483 4271 1981 4243
4356 1606 4450 4271 1962 4215
4337 1625 4501 4290 1972 4239
4351 1606 4407 4257 1906 4253
4361 1634 4450 4253 2004 4229
4431 1588 4403 4314 1972 4229
4361 1564 4412 4342 1976 4257
4346 1620 4454 4271 1981 4215
4318 1620 4412 4248 1995 4183
4351 1559 4445 4253 1981 4178
4300 1625 4445 4257 1999 4267
4365 1629 4407 4271 1990 4211
4337 1606 4511 4290 1990 4290
4356 1583 4464 4257 1981 4248
4290 1620 4459 4271 1990 4248
4295 1574 4422 4239 1995 4183
4351 1648 4445 4300 1972 4211
4342 1564 4417 4253 1981 4220
4346 1602 4459 4300 1972 4220
4384 1606 4417 4304 1994 4188
4342 1541 4483 4281 1990 4248
4351 1620 4440 4309 1943 4248
4356 1578 4422 4248 1990 4183
4365 1559 4445 4229 1948 4286
4346 1653 4450 4286 2004 4183
4328 1583 4445 4262 1953 4229
4332 1616 4422 4248 1962 4192
