4159 1807 4487 4454 1616 4253
4174 1840 4497 4436 1616 4351
4122 1789 4412 4454 1625 4253
4159 1845 4506 4539 1574 4271
4150 1817 4459 4468 1592 4276
4155 1864 4384 4483 1597 4342
4211 1761 4398 4483 1620 4332
4155 1789 4440 4487 1578 4342
4178 1831 4445 4506 1620 4281
4169 1793 4412 4468 1569 4281
4197 1798 4417 4454 1597 4290
4169 1784 4468 4407 1611 4309
4188 1761 4407 4487 1564 4267
4206 1779 4445 4487 1616 4323
4155 1775 4440 4506 1620 4304
4169 1868 4483 4450 1616 4276
4145 1732 4464 4468 1620 4295
4164 1836 4445 4431 1574 4314
4159 1831 4417 4487 1583 4346
4239 1840 4492 4487 1564 4337
4136 1732 4492 4450 1597 4318
4145 1826 4445 4464 1574 4318
4150 1775 4459 4459 1602 4300
4178 1831 4501 4501 1541 4257
4150 1836 4450 4473 1574 4314
4215 1761 4468 4483 1620 4300
4188 1836 4440 4459 1574 4281
4169 1803 4501 4464 1555 4281
4206 1789 4450 4473 1588 4342
4169 1821 4454 4473 1588 4314
4188 1807 4436 4412 1578 4323
4202 1807 4492 4445 1597 4281
4215 1770 4426 4459 1578 4281
4174 1882 4370 4487 1616 4323
4159 1864 4407 4393 1606 4267
4225 1784 4440 4431 1624 4281
4178 1836 4478 4487 1620 4295
4174 1812 4450 4478 1574 4314
4216 1793 4436 4464 1583 4295
4127 1789 4468 4445 1597 4290
4159 1845 4487 4464 1634 4332
4169 1756 4473 4445 1569 4281
4178 1826 4450 4478 1592 4304
4215 1784 4450 4445 1611 4323
4216 1836 4473 4450 1569 4323
4178 1807 4445 4426 1602 4304
4174 1859 4478 4445 1624 4262
4169 1807 4497 4412 1569 4262
4145 1840 4473 4417 1606 4318
4164 1864 4393 4422 1592 4276
