4628 1662 4169 4150 1625 4576
4595 1685 4215 4141 1643 4586
4609 1770 4169 4117 1671 4562
4581 1775 4174 4141 1648 4590
4637 1737 4174 4122 1634 4529
4567 1695 4197 4131 1681 4576
4633 1732 4197 4094 1620 4576
4609 1700 4164 4108 1629 4501
4604 1685 4164 4099 1676 4525
4604 1681 4169 4141 1667 4628
4675 1746 4202 4136 1620 4586
4633 1667 4188 4117 1624 4520
4534 1657 4164 4127 1639 4539
4642 1779 4174 4164 1653 4572
4534 1714 4206 4127 1681 4576
4558 1690 4164 4122 1643 4576
4595 1667 4216 4113 1620 4543
4614 1765 4155 4141 1676 4553
4642 1784 4127 4136 1624 4539
4595 1742 4174 4155 1653 4548
4647 1784 4174 4117 1657 4633
4670 1709 4174 4136 1634 4581
4647 1690 4178 4136 1620 4543
4558 1728 4206 4117 1681 4604
4656 1775 4174 4113 1648 4520
4567 1685 4211 4131 1648 4595
4623 1751 4164 4117 1643 4515
4609 1751 4159 4070 1620 4553
4637 1685 4178 4150 1634 4586
4558 1784 4159 4150 1643 4520
4637 1695 4211 4113 1667 4548
4553 1685 4141 4136 1643 4539
4619 1714 4155 4174 1643 4525
4562 1789 4188 4155 1653 4553
4628 1690 4169 4089 1667 4572
4581 1732 4164 4150 1662 4562
4661 1761 4164 4136 1606 4586
4600 1775 4141 4131 1620 4623
4567 1751 4206 4150 1634 4595
4600 1676 4188 4103 1643 4529
4600 1695 4192 4122 1620 4473
4558 1639 4141 4141 1624 4572
4619 1671 4155 4122 1667 4581
4628 1732 4155 4122 1671 4572
4572 1714 4145 4169 1629 4567
4543 1709 4145 4122 1648 4473
4581 1695 4211 4103 1657 4539
4558 1789 4136 4159 1643 4604
4581 1751 4169 4127 1634 4567
4539 1685 4155 4122 1639 4572
