4267 1531 4478 4412 1882 4047
4267 1513 4487 4445 1911 4108
4300 1550 4468 4370 1925 4099
4290 1484 4483 4365 1873 4070
4281 1574 4478 4407 1850 4099
4262 1508 4511 4389 1892 4131
4257 1559 4473 4389 1850 4038
4248 1597 4497 4426 1807 4084
4332 1503 4525 4422 1878 4094
4220 1513 4473 4375 1845 4099
4267 1489 4464 4356 1887 4094
4257 1531 4478 4403 1887 4080
4229 1583 4492 4379 1826 4080
4253 1555 4520 4393 1892 4089
4243 1559 4497 4351 1859 4038
4257 1498 4478 4412 1901 4108
4220 1517 4529 4365 1859 4099
4243 1541 4501 4417 1821 4150
4276 1588 4515 4389 1854 4070
4202 1564 4473 4389 1911 4038
4304 1583 4450 4407 1892 4113
4281 1555 4511 4426 1892 4070
4243 1527 4529 4393 1887 4108
4281 1484 4497 4393 1920 4094
4257 1517 4506 4417 1859 4066
4229 1470 4478 4337 1854 4099
4281 1494 4473 4398 1934 4080
4304 1541 4426 4412 1873 4047
4243 1531 4473 4370 1831 4089
4243 1503 4431 4375 1821 4122
4271 1503 4468 4407 1840 4099
4276 1559 4497 4389 1901 4131
4262 1550 4497 4393 1878 4061
4248 1527 4459 4389 1915 4103
4239 1522 4459 4365 1859 4052
4286 1494 4459 4407 1911 4066
4262 1531 4553 4379 1850 4070
4225 1541 4511 4375 1812 4108
4211 1592 4497 4426 1859 4075
4276 1545 4497 4501 1878 4094
4276 1559 4501 4365 1882 4084
4229 1541 4464 4431 1887 4061
4225 1489 4520 4361 1878 4056
4257 1592 4534 4389 1897 4094
4197 1555 4506 4365 1854 4099
4220 1536 4464 4403 1859 4094
4253 1470 4520 4417 1850 4089
4248 1494 4487 4384 1836 4080
4229 1588 4436 4370 1915 4099
4229 1559 4515 4384 1887 4052
