3902 2599 4619 4412 2581 4038
3920 2599 4572 4342 2595 4075
3986 2571 4586 4356 2632 4084
3967 2590 4576 4379 2656 4094
3948 2571 4661 4346 2576 4028
3911 2656 4553 4398 2567 4075
3934 2585 4614 4328 2604 4103
3906 2595 4637 4422 2618 4089
3958 2590 4628 4398 2670 4117
3902 2609 4590 4384 2637 4056
3906 2632 4647 4342 2595 4094
3962 2581 4661 4379 2599 4080
3906 2614 4581 4361 2599 4089
3944 2618 4633 4337 2698 4080
3925 2585 4656 4393 2670 4089
3925 2567 4637 4431 2590 4066
3925 2642 4637 4393 2585 4089
3934 2637 4595 4361 2585 4028
3944 2618 4684 4342 2585 4080
3948 2604 4619 4403 2571 4103
3902 2562 4553 4403 2660 4080
3944 2609 4586 4384 2689 4052
3916 2581 4581 4384 2595 4099
3869 2614 4600 4375 2628 4066
3920 2581 4642 4365 2693 4080
3920 2656 4604 4337 2651 4061
3902 2604 4590 4384 2684 4028
3944 2609 4572 4412 2595 4108
3986 2614 4670 4351 2628 4108
3948 2553 4619 4379 2632 4047
3948 2632 4595 4346 2656 4094
3916 2590 4534 4365 2623 4047
3953 2590 4572 4417 2599 4075
3902 2557 4590 4337 2590 4070
3972 2646 4619 4398 2642 4056
3869 2595 4501 4398 2656 4052
3944 2628 4572 4422 2670 4038
3892 2604 4595 4370 2595 4066
3892 2637 4595 4370 2595 4089
3887 2609 4628 4384 2623 4056
3902 2576 4586 4431 2614 4099
3916 2632 4590 4445 2590 4089
3958 2656 4694 4384 2623 4089
3878 2599 4581 4351 2599 4075
3930 2618 4600 4389 2646 4108
3902 2590 4497 4426 2595 4075
3939 2571 4590 4422 2599 4094
3897 2642 4609 4403 2590 4103
3902 2651 4600 4356 2698 4070
3934 2609 4529 4337 2665 4075
