4300 2731 4084 3948 2445 4356
4216 2754 4066 3873 2459 4379
4267 2749 4080 3911 2435 4412
4318 2712 4108 3920 2440 4384
4220 2735 4113 3939 2445 4323
4253 2731 4103 3939 2421 4356
4267 2735 4061 3892 2440 4342
4304 2735 4070 3883 2459 4407
4281 2735 4094 3944 2412 4389
4304 2749 4094 3962 2454 4342
4248 2758 4061 3920 2426 4361
4300 2749 4103 3962 2449 4379
4290 2749 4070 3962 2454 4323
4262 2721 4108 3864 2435 4426
4328 2754 4131 3911 2431 4403
4225 2740 4103 3892 2431 4337
4290 2744 4084 3873 2445 4342
4239 2744 4084 3911 2454 4361
4239 2726 4131 3925 2412 4412
4337 2735 4089 3930 2440 4337
4215 2744 4131 3967 2431 4379
4234 2731 4113 3869 2421 4412
4220 2744 4122 3934 2440 4412
4271 2805 4084 3878 2440 4417
4290 2740 4122 3902 2421 4356
4328 2689 4117 3916 2417 4290
4328 2703 4038 3869 2459 4375
4295 2726 4094 3934 2417 4398
4309 2735 4094 3962 2445 4361
4206 2735 4117 3958 2407 4384
4248 2782 4099 3878 2435 4346
4318 2731 4080 3925 2431 4375
4318 2744 4066 3911 2440 4393
4323 2740 4136 3851 2374 4356
4351 2740 4150 3925 2468 4309
4281 2735 4108 3878 2459 4379
4188 2721 4103 3930 2421 4403
4314 2754 4099 3916 2435 4370
4281 2744 4075 3967 2426 4361
4243 2772 4136 3920 2435 4356
4309 2744 4084 3878 2431 4370
4262 2726 4089 3948 2454 4398
4257 2740 4070 3944 2459 4342
4318 2777 4061 3850 2407 4379
4215 2735 4075 3930 2459 4398
4290 2735 4099 3892 2431 4323
4206 2735 4113 3962 2435 4370
4215 2768 4113 3986 2426 4361
4332 2763 4089 3850 2435 4422
4304 2726 4108 3934 2440 4370
