4211 2515 4239 4000 2749 4351
4225 2529 4243 4066 2777 4393
4276 2562 4220 4038 2754 4328
4234 2548 4202 4061 2758 4323
4295 2581 4202 4038 2768 4356
4276 2548 4220 4070 2754 4370
4211 2548 4216 4042 2772 4356
4243 2515 4229 4023 2777 4351
4243 2501 4253 3995 2782 4295
4197 2487 4225 4014 2777 4351
4281 2571 4216 4047 2772 4314
4253 2553 4215 4038 2777 4337
4225 2510 4206 4000 2791 4351
4309 2557 4211 4042 2749 4346
4253 2557 4220 4005 2801 4346
4262 2515 4183 4019 2763 4412
4215 2520 4248 4028 2772 4332
4271 2562 4202 4028 2754 4323
4248 2496 4253 4042 2833 4379
4281 2496 4239 4028 2749 4323
4183 2567 4220 4038 2754 4384
4215 2548 4225 4042 2786 4370
4216 2581 4202 4047 2744 4370
4229 2515 4183 4042 2796 4384
4215 2529 4192 4052 2782 4356
4295 2553 4202 4014 2772 4337
4216 2571 4206 3995 2749 4346
4271 2571 4229 4028 2772 4389
4243 2529 4216 4052 2786 4323
4220 2501 4220 4070 2772 4398
4248 2562 4206 4023 2805 4361
4192 2553 4216 4056 2754 4365
4309 2585 4229 4070 2754 4398
4262 2510 4206 4066 2754 4389
4309 2567 4257 4033 2749 4351
4276 2548 4211 4023 2777 4375
4271 2576 4211 4033 2786 4356
4229 2557 4220 4070 2782 4332
4309 2571 4206 40119 2744 4318
4229 2567 4243 4028 2772 4379
4243 2543 4215 4019 2763 4365
4234 2557 4229 4066 2810 4351
4234 2548 4206 4038 2791 4370
4271 2520 4211 4028 2744 4389
4211 2520 4220 4014 2758 4346
4253 2529 4216 4047 2791 4328
4215 2553 4257 4047 2801 4342
4262 2524 4220 4042 2805 4332
4225 2492 4243 4070 2749 4407
4206 2562 4248 4052 2740 4309
