4122 2843 4225 4084 2468 4215
4117 2857 4239 4174 2459 4239
4117 2852 4234 4108 2501 4276
4131 2815 4239 4056 2435 4248
4113 2843 4239 4061 2449 4267
4108 2824 4248 4108 2445 4234
4178 2819 4216 4080 2478 4229
4169 2815 4239 4038 2431 4239
4108 2843 4220 4070 2449 4290
4155 2782 4276 4099 2459 4295
4150 2833 4253 4099 2435 4257
4150 2847 4188 4094 2445 4229
4183 2824 4253 4080 2435 4300
4131 2805 4239 4089 2468 4243
4113 2810 4169 4122 2473 4262
4094 2796 4271 4084 2492 4239
4164 2819 4211 4075 2435 4216
4150 2857 4197 4084 2440 4300
4141 2824 4211 4047 2435 4262
4164 2824 4225 4075 2440 4239
4169 2866 4286 4080 2435 4234
4084 2833 4216 4052 2426 4239
4155 2829 4234 4089 2445 4267
4150 2847 4229 4028 2440 4290
4122 2852 4239 4145 2445 4281
4103 2824 4253 4056 2454 4220
4141 2819 4220 4061 2435 4281
4155 2833 4220 4084 2431 4253
4145 2833 4220 4094 2454 4337
4169 2838 4225 4047 2473 4262
4122 2862 4239 4084 2459 4267
4108 2833 4220 4052 2463 4248
4122 2824 4239 4047 2463 4309
4103 2843 4239 4122 2445 4300
4117 2819 4276 4103 2435 4267
4113 2801 4267 4066 2445 4220
4155 2857 4225 4089 2478 4271
4108 2838 4220 4056 2459 4248
4103 2843 4211 4084 2431 4262
4141 2829 4183 4117 2468 4239
4103 2829 4220 4099 2468 4229
4145 2815 4239 4084 2478 4309
4103 2833 4178 4084 2459 4239
4122 2829 4271 4075 2384 4290
4136 2819 4225 4066 2440 4304
4127 2815 4174 4094 2440 4229
4169 2805 4215 4061 2492 4253
4117 2866 4159 4038 2449 4304
4117 2824 4211 4089 2431 4257
4141 2796 4262 4080 2445 4257
