4436 2623 4028 3962 2599 5340
4454 2698 3977 3962 2618 5303
4459 2693 4023 3962 2660 5321
4426 2693 3995 3991 2618 5312
4440 2665 4066 4005 2609 5331
4450 2660 4028 3991 2614 5260
4393 2651 4038 3962 2623 5307
4468 2618 4075 3953 2614 5289
4436 2670 4009 3977 2618 5326
4445 2707 3948 3972 2618 5275
4459 2670 4033 3948 2646 5260
4440 2609 3977 3981 2660 5293
4440 2604 4014 3981 2632 5321
4431 2599 4052 3986 2632 5284
4398 2623 4023 3995 2614 5256
4478 2684 4028 3962 2642 5270
4436 2660 4070 3967 2628 5326
4389 2675 4023 3977 2646 5312
4407 2703 4052 3934 2665 5270
4398 2670 4000 3916 2595 5284
4436 2712 4023 3944 2651 5321
4422 2646 3981 4038 2642 5317
4436 2618 4014 3953 2651 5326
4431 2646 3972 3944 2632 5289
4417 2660 3995 3972 2604 5265
4450 2707 4000 3944 2614 5270
4393 2684 4052 3953 2679 5335
4464 2642 4033 3958 2646 5279
4412 2646 4009 3962 2665 5303
4450 2642 4052 3962 2614 5289
4450 2646 3981 3977 2632 5284
4389 2684 4075 3972 2651 5307
4431 2637 4009 3977 2656 5307
4412 2632 4033 3977 2632 5256
4473 2693 3995 4014 2642 5321
4468 2609 4033 3958 2665 5326
4412 2628 4056 3925 2604 5312
4478 2684 4038 3920 2628 5284
4440 2632 3991 3925 2660 5321
4431 2721 4047 3995 2656 5275
4422 2703 4023 3934 2646 5298
4393 2642 4028 3991 2637 5298
4445 2703 4038 3962 2646 5298
4412 2698 4014 3995 2675 5293
4459 2665 3995 3972 2646 5289
4422 2703 3991 3962 2618 5298
4412 2675 4023 3967 2609 5307
4436 2618 4009 3920 2646 5303
4459 2707 4052 3981 2628 5298
4407 2679 4023 3953 2628 5275
