3981 2543 4417 4300 2744 3977
4047 2468 4384 4271 2772 4080
3991 2459 4403 4262 2786 4033
3991 2548 4356 4262 2763 4089
4042 2524 4318 4295 2768 4000
4042 2482 4286 4361 2824 4023
4005 2478 4342 4356 2772 4042
4047 2468 4314 4351 2796 4075
3981 2524 4342 4271 2763 4033
4028 2506 4407 4281 2772 3991
4009 2492 4361 4295 2735 4000
3986 2473 4365 4300 2782 3977
4066 2463 4300 4361 2749 4005
4028 2538 4417 4281 2772 4103
4005 2506 4407 4342 2791 4033
4038 2496 4337 4271 2768 3981
4042 2496 4365 4295 2754 3981
4038 2524 4342 4332 2740 3995
4056 2515 4361 4318 2768 4038
4028 2501 4314 4356 2801 4113
3986 2538 4361 4300 2777 4094
4033 2529 4328 4262 2749 4089
4061 2473 4361 4304 2768 4042
4066 2496 4337 4318 2754 3981
4023 2473 4351 4257 2763 4103
4033 2548 4398 4323 2735 4089
3972 2501 4318 4389 2731 4042
4052 2482 4422 4342 2754 4023
4014 2496 4332 4295 2726 4075
4019 2473 4286 4351 2805 4005
4038 2482 4417 4257 2768 4089
4014 2473 4332 4262 2735 4099
3995 2534 4361 4276 2744 4000
4047 2524 4370 4271 2772 4033
4000 2482 4295 4300 2754 4070
3995 2562 4365 4361 2735 3995
3948 2487 4332 4389 2721 3977
4052 2482 4403 4361 2772 4061
4005 2538 4422 4290 2796 4005
4028 2496 4375 4309 2786 4131
4066 2496 4346 4314 2763 3986
3972 2543 4412 4295 2740 4005
4023 2524 4346 4271 2782 4084
4042 2562 4332 4328 2777 3995
4000 2529 4337 4262 2768 4019
4023 2510 4379 4257 2735 4103
4000 2524 4398 4300 2763 4028
3986 2543 4426 4328 2786 3944
4042 2482 4365 4262 2735 4066
4033 2520 4445 4375 2758 4084
