4038 2646 4342 4243 2482 4084
3986 2665 4351 4220 2548 4080
3981 2721 4318 4253 2543 4103
4023 2660 4318 4243 2510 4131
4028 2684 4365 4271 2524 4108
3981 2717 4328 4220 2543 4094
4000 2660 4365 4243 2534 4099
3991 2679 4323 4229 2534 4141
4019 2689 4365 4281 2524 4099
4009 2684 4365 4290 2534 4099
4028 2689 4356 4220 2529 4103
4042 2665 4389 4295 2515 4094
4005 2689 4286 4271 2510 4084
3972 2679 4337 4286 2520 4117
4038 2703 4351 4304 2543 4159
3995 2684 4398 4248 2562 4113
3995 2717 4375 4216 2515 4103
3995 2665 4351 4215 2501 4103
4014 2693 4314 4290 2515 4084
3986 2717 4300 4332 2515 4136
4009 2689 4323 4323 2543 4061
4038 2698 4328 4202 2520 4089
3991 2679 4375 4262 2520 4075
3981 2703 4342 4243 2515 4080
3977 2707 4398 4253 2520 4089
4000 2693 4318 4234 2496 4075
4000 2712 4361 4286 2529 4084
4033 2689 4356 4271 2524 4127
3977 2693 4290 4197 2529 4136
4000 2721 4393 4211 2529 4117
4005 2693 4337 4304 2520 4094
3991 2679 4412 4253 2515 4131
4009 2698 4337 4281 2496 4094
4014 2684 4365 4243 2538 4127
4023 2679 4361 4267 2543 4103
4047 2703 4407 4234 2524 4108
4019 2689 4370 4234 2515 4052
4000 2665 4375 4257 2557 4122
4005 2726 4309 4229 2520 4136
4019 2731 4337 4262 2534 4070
4005 2684 4337 4220 2510 4070
4014 2698 4342 4220 2548 4023
4009 2712 4375 4267 2510 4084
4028 2707 4346 4211 2548 4117
3995 2675 4398 4257 2538 4084
4023 2712 4323 4295 2501 4080
3977 2679 4361 4314 2520 4136
3981 2684 4309 4257 2543 4042
3967 2693 4346 4253 2543 4127
4023 2660 4370 4239 2520 4089
