4127 2496 4234 4145 2904 4183
4127 2482 4206 4136 2899 4192
4080 2445 4243 4103 2852 4188
4145 2426 4248 4122 2890 4192
4099 2501 4253 4117 2876 4178
4056 2473 4220 4117 2810 4202
4089 2478 4229 4099 2786 4239
4117 2548 4267 4131 2857 4192
4084 2482 4211 4159 2866 4220
4127 2463 4337 4070 2880 4178
4127 2520 4257 4094 2852 4206
4075 2492 4216 4145 2876 4206
4070 2492 4271 4075 2908 4211
4131 2482 4271 4084 2862 4220
4141 2492 4257 4141 2894 4220
4094 2449 4253 4089 2894 4215
4141 2524 4211 4178 2894 4206
4108 2524 4262 4108 2904 4220
4145 2529 4290 4164 2852 4215
4159 2449 4211 4075 2871 4192
4084 2449 4220 4117 2810 4206
4108 2510 4248 4122 2890 4197
4084 2501 4248 4113 2847 4229
4127 2534 4243 4084 2824 4220
4070 2478 4286 4103 2819 4183
4141 2529 4239 4192 2857 4216
4103 2487 4220 4075 2862 4215
4136 2487 4211 4080 2894 4197
4103 2506 4276 4113 2885 4188
4099 2473 4248 4075 2819 4216
4145 2524 4239 4141 2904 4229
4141 2459 4211 4122 2857 4202
4061 2487 4271 4094 2908 4220
4042 2548 4229 4131 2871 4174
4099 2492 4229 4145 2829 4202
4155 2529 4267 4150 2871 4216
4066 2463 4234 4131 2866 4253
4117 2487 4290 4169 2805 4197
4084 2524 4309 4150 2833 4229
4141 2468 4271 4150 2833 4169
4052 2501 4243 4159 2862 4215
4080 2520 4267 4150 2857 4169
4122 2506 4253 4122 2899 4197
4131 2506 4253 4117 2885 4197
4089 2506 4286 4127 2819 4220
4094 2515 4318 4084 2904 4211
4145 2496 4229 4108 2871 4183
4145 2496 4262 4145 2880 4234
4066 2538 4253 4075 2815 4220
4174 2506 4220 4131 2829 4188
