4375 3851 4253 3972 3438 4403
4398 3851 4276 3977 3410 4384
4412 3799 4239 4056 3442 4346
4445 3841 4248 4023 3461 4389
4365 3873 4243 4009 3396 4450
4417 3836 4262 4019 3466 4417
4393 3846 4234 4056 3419 4379
4337 3836 4248 4066 3442 4384
4389 3859 4215 4005 3461 4393
4412 3855 4239 4033 3424 4422
4370 3864 4220 4033 3414 4370
4422 3836 4220 4019 3447 4393
4440 3851 4220 4070 3438 4384
4379 3827 4211 3939 3442 4459
4328 3818 4243 3981 3438 4407
4370 3846 4220 3995 3475 4361
4379 3859 4229 4000 3414 4403
4389 3832 4229 3995 3405 4403
4384 3855 4211 3977 3414 4412
4328 3818 4215 3953 3410 4436
4454 3813 4271 3981 3419 4407
4393 3851 4220 3939 3405 4407
4422 3846 4234 4000 3447 4403
4384 3808 4267 3920 3442 4375
4370 3851 4220 4038 3447 4417
4361 3827 4257 3920 3461 4417
4398 3859 4276 3977 3494 4403
4365 3851 4229 4080 3433 4436
4365 3841 4225 3953 3447 4407
4337 3818 4262 4019 3410 4393
4370 3818 4234 3981 3400 4407
4365 3845 4253 3972 3433 4389
4365 3864 4225 3958 3410 4412
4375 3859 4211 3925 3475 4436
4412 3850 4234 3930 3400 4384
4356 3822 4216 3962 3433 4398
4440 3846 4257 3958 3414 4398
4440 3822 4229 3958 3419 4407
4417 3832 4215 3948 3410 4417
4426 3841 4248 3991 3457 4417
4365 3850 4267 4038 3410 4389
4445 3855 4188 4005 3489 4389
4450 3818 4234 3986 3410 4450
4365 3855 4225 4052 3414 4436
4440 3822 4234 4080 3410 4370
4379 3851 4220 3977 3424 4398
4342 3851 4211 3991 3452 4393
4459 3845 4243 4023 3419 4365
4361 3836 4248 3986 3428 4365
4384 3845 4216 4070 3405 4407
