4005 3691 4581 4473 3686 4103
4033 3672 4623 4454 3724 4080
4084 3555 4651 4501 3658 4099
4042 3677 4656 4407 3672 4122
4047 3621 4576 4487 3696 4066
4033 3583 4604 4464 3672 4089
4033 3639 4619 4473 3682 4103
4042 3658 4604 4454 3686 4113
4066 3616 4553 4492 3663 4122
4028 3668 4633 4464 3672 4141
4033 3696 4619 4450 3668 4099
4042 3668 4623 4567 3644 4122
4084 3691 4651 4483 3654 4117
3977 3682 4623 4440 3700 4113
4028 3686 4604 4506 3677 4099
4028 3658 4590 4478 3654 4084
4066 3686 4590 4454 3672 4103
3991 3719 4572 4454 3663 4141
4023 3658 4614 4468 3672 4127
4070 3625 4623 4445 3625 4080
4023 3630 4539 4473 3649 4080
4084 3700 4572 4553 3700 4145
4005 3527 4633 4478 3700 4099
4047 3639 4576 4473 3696 4075
4047 3649 4642 4548 3649 4113
4014 3607 4614 4464 3649 4075
3986 3668 4581 4506 3677 4108
4075 3654 4614 4459 3658 4089
4042 3663 4558 4473 3663 4127
4042 3658 4558 4440 3682 4056
4066 3663 4623 4454 3705 4084
4080 3583 4647 4389 3672 4113
4042 3677 4567 4454 3668 4094
4052 3696 4619 4464 3677 4099
4028 3700 4600 4473 3668 4075
4000 3677 4628 4426 3663 4131
4061 3658 4586 4534 3672 4131
4023 3682 4609 4492 3672 4108
4023 3649 4623 4468 3705 4094
4033 3564 4637 4473 3686 4084
4052 3579 4581 4548 3677 4108
4070 3715 4572 4431 3691 4108
4075 3569 4619 4525 3635 4159
4009 3668 4590 4501 3663 4127
4042 3682 4590 4492 3668 4094
4038 3663 4586 4426 3635 4108
4056 3593 4572 4478 3663 4099
4028 3663 4600 4454 3682 4131
4038 3710 4604 4492 3682 4070
4070 3686 4600 4487 3668 4117
