4276 3995 4276 4108 3471 4309
4271 3995 4337 4080 3489 4314
4267 3948 4304 4061 3442 4337
4290 3967 4356 4108 3442 4332
4332 3944 4276 4131 3452 4351
4276 3991 4393 4089 3494 4276
4309 3967 4300 4178 3475 4309
4286 3977 4356 4141 3480 4286
4267 3962 4314 4084 3442 4295
4314 3934 4314 4164 3480 4286
4271 3981 4323 4150 3494 4290
4286 3972 4332 4080 3475 4286
4262 3972 4257 4117 3494 4375
4295 3944 4323 4103 3489 4361
4267 3967 4337 4061 3452 4346
4300 3977 4276 4075 3452 4314
4267 3948 4267 4084 3480 4332
4304 4000 4375 4066 3452 4323
4290 3962 4290 4042 3471 4318
4346 3981 4361 4061 3433 4323
4290 3953 4332 4117 3485 4309
4295 3981 4346 4103 3475 4346
4281 3981 4356 4094 3461 4323
4290 3934 4290 4094 3438 4318
4271 3948 4379 4089 3466 4318
4290 3967 4361 4220 3480 4332
4323 3958 4253 4178 3471 4295
4271 3939 4262 4099 3489 4304
4304 3972 4393 4127 3461 4300
4328 3972 4314 4169 3438 4328
4257 3967 4295 4084 3447 4342
4286 3972 4300 4099 3475 4286
4318 3977 4271 4084 3442 4304
4332 3962 4328 4066 3428 4309
4309 3991 4361 4136 3499 4300
4304 3977 4300 4122 3480 4286
4286 3981 4304 4192 3475 4323
4309 3981 4379 4075 3499 4304
4328 3967 4276 4174 3466 4328
4253 3962 4332 4052 3489 4323
4276 3967 4351 4192 3480 4295
4314 3977 4271 4122 3424 4328
4314 3981 4314 4094 3461 4342
4262 4019 4318 4056 3433 4271
4295 3972 4323 4094 3499 4304
4290 3953 4323 4089 3442 4337
4281 3962 4318 4047 3424 4309
4318 3967 4281 4080 3461 4323
4304 3962 4309 4136 3438 4309
4295 3995 4290 4155 3442 4337
