4304 3616 4197 4141 3827 4450
4309 3560 4169 4150 3771 4492
4295 3574 4174 4103 3813 4506
4318 3602 4188 4127 3808 4450
4286 3611 4211 4080 3780 4501
4286 3560 4178 4141 3757 4483
4323 3569 4220 4108 3794 4473
4286 3607 4206 4117 3761 4426
4323 3611 4192 4131 3752 4492
4323 3625 4183 4070 3766 4445
4318 3635 4174 4103 3794 4520
4318 3616 4202 4080 3808 4473
4332 3579 4215 4089 3771 4464
4271 3607 4169 4099 3747 4445
4318 3579 4150 4122 3790 4440
4295 3583 4159 4122 3729 4478
4300 3597 4188 4108 3729 4464
4323 3616 4183 4070 3733 4436
4286 3569 4164 4136 3771 4501
4337 3593 4183 4122 3776 4487
4314 3621 4220 4131 3790 4483
4276 3569 4197 4127 3752 4501
4304 3597 4150 4094 3776 4501
4290 3550 4188 4075 3733 4454
4318 3611 4159 4174 3710 4511
4304 3564 4206 4113 3785 4431
4276 3597 4202 4136 3757 4454
4276 3579 4141 4122 3790 4436
4248 3630 4169 4108 3822 4445
4304 3588 4229 4188 3804 4529
4267 3588 4197 4174 3799 4483
4295 3564 4150 4150 3808 4492
4314 3583 4197 4094 3780 4445
4295 3593 4211 4127 3827 4473
4276 3560 4197 4127 3780 4492
4300 3569 4155 4159 3794 4483
4295 3555 4197 4099 3794 4464
4276 3564 4155 4117 3794 4445
4323 3560 4192 4159 3794 4520
4281 3597 4164 4122 3747 4501
4332 3616 4178 4075 3743 4473
4267 3597 4220 4113 3729 4473
4304 3607 4164 4131 3757 4459
4295 3593 4178 4103 3738 4478
4300 3611 4188 4145 3799 4473
4267 3593 4206 4099 3818 4515
4309 3560 4220 4070 3785 4487
4286 3527 4169 4099 3790 4473
4318 3593 4183 4089 3752 4497
4328 3574 4216 4099 3747 4534
