3962 3400 4520 4346 3752 4220
3995 3428 4431 4300 3729 4239
4028 3410 4436 4304 3757 4202
4005 3405 4398 4290 3729 4229
3948 3405 4440 4365 3729 4211
3986 3433 4478 4342 3733 4215
4047 3419 4417 4422 3729 4202
3962 3466 4483 4351 3691 4229
4005 3424 4492 4361 3719 4220
3972 3424 4436 4365 3733 4206
3962 3419 4464 4365 3761 4220
4019 3424 4450 4304 3738 4216
4014 3391 4431 4304 3700 4211
4038 3391 4445 4323 3738 4216
3962 3433 4464 4337 3747 4234
4033 3391 4403 4384 3743 4202
3995 3414 4431 4370 3691 4225
4028 3382 4436 4361 3738 4215
4042 3428 4422 4346 3757 4239
4000 3433 4464 4290 3757 4262
3977 3405 4440 4323 3761 4220
4014 3428 4393 4422 3729 4206
4056 3433 4417 4403 3738 4220
4014 3438 4487 4379 3752 4188
3967 3447 4483 4389 3710 4220
3995 3428 4417 4375 3724 4202
3972 3414 4473 4300 3724 4220
3953 3424 4445 4440 3719 4188
4042 3405 4445 4342 3738 4243
3967 3428 4478 4417 3710 4220
4033 3424 4440 4356 3743 4220
4042 3405 4422 4332 3729 4174
3967 3428 4464 4346 3738 4188
4014 3414 4487 4389 3715 4215
3972 3410 4422 4365 3715 4211
3981 3424 4454 4337 3738 4206
3981 3410 4501 4375 3719 4188
3981 3419 4393 4276 3715 4202
3911 3433 4450 4384 3757 4234
4000 3424 4483 4389 3729 4206
4009 3400 4459 4384 3724 4174
3967 3410 4497 4365 3700 4220
3967 3405 4407 4295 3738 4239
4009 3419 4473 4379 3710 4220
3958 3442 4422 4379 3752 4202
3981 3414 4459 4375 3761 4202
4000 3414 4450 4370 3747 4183
4014 3386 4478 4356 3747 4188
4047 3405 4497 4332 3691 4225
4023 3447 4473 4346 3733 4202
