4117 3691 4422 4375 3438 4127
4113 3729 4445 4389 3438 4117
4131 3705 4543 4332 3475 4131
4103 3738 4478 4337 3428 4108
4141 3790 4426 4309 3461 4033
4117 3719 4422 4337 3442 4113
4159 3780 4398 4375 3428 4141
4131 3738 4464 4304 3461 4155
4117 3790 4501 4318 3405 4159
4117 3747 4412 4412 3471 4155
4122 3790 4403 4346 3447 4056
4127 3733 4398 4379 3419 4108
4141 3776 4431 4290 3419 4136
4094 3790 4431 4300 3466 4131
4080 3719 4422 4332 3438 4070
4089 3729 4506 4300 3471 4117
4094 3752 4515 4375 3433 4131
4108 3733 4487 4239 3480 4145
4113 3705 4417 4281 3405 4150
4122 3766 4468 4332 3489 4150
4136 3757 4478 4290 3419 4099
4103 3729 4473 4389 3461 4099
4145 3761 4426 4267 3442 4108
4122 3776 4539 4314 3405 4169
4113 3757 4440 4384 3532 4080
4145 3757 4431 4342 3438 4080
4084 3705 4497 4323 3452 4178
4103 3804 4431 4276 3400 4103
4103 3705 4417 4356 3494 4103
4150 3747 4426 4393 3475 4117
4061 3794 4417 4342 3438 4145
4122 3780 4459 4243 3466 4131
4122 3705 4497 4304 3461 4084
4136 3719 4459 4271 3419 4117
4141 3776 4511 4304 3405 4178
4141 3766 4506 4361 3391 4145
4089 3752 4468 4290 3471 4080
4136 3677 4506 4328 3442 4169
4131 3757 4436 4379 3461 4117
4136 3686 4450 4295 3457 4122
4113 3710 4426 4314 3400 4159
4150 3757 4506 4314 3489 4145
4122 3785 4483 4370 3442 4066
4145 3700 4534 4361 3442 4052
4052 3752 4501 4309 3410 4103
4145 3747 4445 4361 3461 4080
4174 3738 4515 4281 3405 4084
4145 3766 4454 4393 3494 4094
4108 3738 4473 4351 3386 4084
4131 3776 4450 4356 3400 4159
