4108 3428 4323 4248 3887 4262
4113 3419 4304 4262 3897 4267
4131 3400 4248 4257 3911 4286
4131 3363 4304 4328 3916 4267
4141 3447 4281 4248 3869 4257
4084 3419 4271 4276 3958 4239
4113 3363 4281 4267 3939 4234
4141 3442 4286 4248 3887 4257
4122 3391 4290 4257 3944 4286
4103 3433 4271 4239 3934 4267
4089 3419 4290 4220 3897 4281
4117 3400 4300 4239 3911 4262
4131 3419 4286 4243 3953 4276
4131 3438 4295 4239 3925 4290
4164 3414 4323 4243 3930 4239
4122 3419 4239 4211 3911 4304
4099 3377 4243 4262 3944 4257
4131 3382 4262 4220 3934 4290
4141 3367 4267 4253 3925 4290
4164 3367 4267 4253 3916 4328
4075 3377 4267 4220 3873 4243
4099 3382 4248 4304 3948 4286
4127 3391 4267 4234 3902 4253
4136 3414 4281 4276 3911 4309
4075 3428 4281 4229 3925 4309
4099 3447 4281 4267 3906 4300
4080 3386 4309 4215 3916 4271
4047 3419 4253 4295 3925 4239
4113 3396 4286 4332 3902 4314
4131 3400 4262 4225 3925 4286
4099 3424 4281 4229 3911 4234
4066 3410 4276 4243 3892 4267
4145 3442 4253 4257 3878 4248
4117 3400 4290 4225 3920 4304
4183 3400 4281 4281 3859 4220
4169 3400 4318 4248 3916 4234
4099 3396 4243 4234 3939 4346
4164 3382 4253 4243 3930 4318
4089 3410 4267 4290 3883 4253
4169 3377 4276 4281 3925 4328
4136 3424 4257 4271 3906 4286
4174 3405 4253 4290 3897 4318
4159 3382 4257 4239 3939 4300
4127 3372 4286 4271 3916 4300
4136 3452 4300 4220 3887 4342
4108 3377 4257 4248 3925 4300
4174 3396 4234 4229 3897 4304
4103 3410 4281 4220 3934 4262
4164 3433 4286 4281 3902 4225
4141 3419 4257 4281 3902 4281
