4539 3700 4080 4033 3532 4609
4558 3719 4070 4052 3550 4567
4548 3630 4080 4009 3564 4628
4562 3682 4145 4070 3555 4628
4515 3668 4113 4014 3550 4534
4497 3682 4080 4023 3550 4581
4586 3658 4108 4014 3621 4576
4511 3639 4084 4047 3546 4576
4590 3700 4127 4028 3546 4609
4558 3729 4099 4042 3555 4562
4581 3625 4127 4056 3574 4567
4558 3621 4080 4056 3588 4581
4590 3696 4084 4056 3583 4586
4529 3691 4094 4084 3607 4567
4539 3649 4075 4005 3583 4534
4520 3658 4122 4099 3625 4651
4497 3677 4075 4066 3532 4717
4529 3611 4089 4000 3597 4539
4581 3677 4108 4023 3555 4698
4586 3668 4070 4056 3550 4637
4529 3635 4113 3986 3550 4567
4590 3677 4108 4033 3546 4595
4576 3658 4094 4000 3574 4511
4581 3691 4075 4028 3583 4675
4529 3696 4089 4019 3518 4628
4586 3691 4070 4000 3532 4586
4562 3621 4094 4042 3532 4623
4590 3635 4122 4019 3560 4586
4520 3724 4070 4028 3541 4642
4567 3691 4122 4038 3546 4609
4529 3630 4099 4028 3569 4581
4529 3672 4089 3991 3555 4703
4534 3639 4080 4052 3555 4614
4562 3682 4127 4080 3536 4670
4572 3625 4113 4042 3546 4694
4548 3649 4108 3991 3527 4633
4576 3663 4117 4014 3569 4534
4543 3564 4113 4028 3579 4647
4539 3630 4089 4056 3583 4637
4572 3677 4117 4066 3541 4604
4529 3635 4094 4056 3569 4548
4548 3710 4099 4047 3574 4712
4572 3710 4117 4042 3583 4590
4604 3658 4122 3991 3569 4623
4548 3705 4122 4061 3546 4600
4558 3635 4056 4061 3560 4473
4539 3700 4145 4042 3564 4576
4515 3630 4066 3995 3560 4628
4543 3686 4108 4042 3546 4647
4558 3658 4108 4056 3569 4604
