4113 927 5368 3897 1110 5809
4141 1012 5358 3902 1124 5818
4155 960 5340 3850 1129 5823
4178 946 5358 3873 1143 5818
4141 932 5335 3883 1115 5818
4127 918 5377 3906 1096 5823
4141 960 5358 3859 1171 5837
4113 979 5363 3846 1120 5818
4117 979 5331 3873 1134 5762
4131 946 5391 3920 1134 5813
4108 984 5363 3869 1134 5804
4103 1003 5382 3883 1139 5785
4113 956 5354 3869 1110 5813
4159 998 5396 3850 1139 5827
4155 1007 5372 3878 1134 5870
4127 1003 5382 3902 1073 5846
4122 918 5344 3841 1139 5856
4141 951 5340 3836 1148 5771
4127 998 5368 3878 1110 5762
4113 984 5401 3873 1110 5865
4113 965 5396 3911 1096 5809
4131 927 5344 3850 1115 5795
4122 956 5321 3916 1106 5813
4141 942 5340 3883 1115 5809
4164 932 5387 3869 1078 5809
4169 960 5368 3827 1101 5823
4122 942 5363 3873 1134 5841
4113 1017 5317 3887 1124 5790
4113 998 5330 3869 1143 5851
4117 1031 5354 3845 1171 5851
4145 998 5401 3897 1185 5809
4131 956 5349 3897 1185 5902
4113 1026 5382 3841 1110 5780
4127 1049 5372 3864 1120 5818
4141 998 5372 3873 1096 5823
4141 1007 5340 3883 1096 5790
4108 1003 5387 3851 1124 5823
4131 1007 5354 3832 1124 5851
4113 1012 5358 3873 1110 5757
4141 979 5391 3845 1106 5832
4117 974 5410 3897 1101 5780
4150 984 5405 3878 1106 5818
4103 974 5349 3864 1120 5841
4099 1007 5372 3822 1096 5799
4150 1040 5312 3883 1148 5813
4145 993 5344 3939 1124 5804
4131 979 5330 3878 1139 5804
4108 984 5377 3859 1162 5832
4108 965 5354 3873 1092 5860
4094 1031 5363 3934 1115 5856
