3841 1807 5654 4192 897 5462
3845 1096 5644 4197 942 5513
3813 1667 5607 4150 918 5452
3785 1400 5673 4113 927 5476
3813 1306 5593 4192 901 5476
3813 1353 5654 4188 895 5457
3804 1362 5644 4183 895 5424
3785 1405 5598 4122 911 5387
3794 1334 5649 4174 892 5387
3818 1344 5687 4136 920 5447
3733 1330 5644 4141 868 5433
3864 1311 5579 4206 901 5424
3808 1339 5626 4178 937 5443
3804 1334 5720 4197 882 5410
3799 1330 5668 4103 864 5471
3790 1353 5649 4164 897 5377
3813 1330 5677 4215 887 5471
3752 1283 5691 4197 956 5396
3808 1283 5607 4188 909 5494
3776 1353 5598 4150 911 5452
3771 1348 5729 4080 913 5424
3818 1297 5630 4108 840 5462
3832 1316 5588 4174 840 5405
3832 1362 5551 4174 904 5471
3776 1292 5630 4174 904 5452
3832 1339 5593 4183 897 5443
3799 1362 5654 4183 909 5419
3790 1320 5687 4174 915 5447
3804 1353 5607 4216 895 5462
3761 1372 5626 4103 942 5508
3799 1334 5607 4188 882 5447
3794 1339 5598 4155 892 5518
3790 1306 5626 4188 904 5391
3822 1301 5598 4178 904 5382
3790 1386 5640 4127 897 5424
3747 1344 5626 4174 920 5419
3818 1297 5659 4188 895 5438
3780 1353 5598 4159 904 5433
3836 1339 5593 4192 913 5452
3794 1372 5729 4155 906 5438
3799 1269 5574 4211 913 5443
3752 1311 5644 4178 932 5462
3790 1348 5593 4155 918 5476
3841 1362 5593 4108 915 5429
3808 1330 5616 4178 915 5391
3794 1405 5569 4164 915 5372
3790 1372 5579 4202 923 5391
3776 1278 5635 4155 920 5438
3827 1283 5659 4220 854 5372
3785 1287 5612 4216 899 5438
