4005 1214 5584 4150 937 5312
4000 1242 5654 4169 946 5284
4028 1269 5626 4164 979 5354
4019 1292 5771 4220 942 5368
4033 1297 5644 4141 937 5354
4005 1259 5574 4164 923 5382
4023 1264 5654 4220 956 5382
3977 1287 5612 4206 942 5391
3991 1246 5720 4183 965 5349
3962 1260 5705 4159 979 5405
3972 1273 5682 4220 918 5382
3977 1255 5616 4188 974 5377
3991 1269 5532 4169 960 5405
3995 1270 5569 4188 951 5415
4019 1260 5598 4178 1003 5410
4000 1214 5616 4127 956 5335
3991 1297 6006 4155 993 5410
4028 1278 5659 4169 918 5368
3977 1223 5635 4164 1003 5349
3995 1242 5602 4188 960 5429
4009 1223 5677 4169 974 5344
4042 1316 5673 4215 918 5382
3981 1270 5649 4183 979 5387
4005 1232 5715 4215 998 5368
3967 1204 5701 4178 979 5344
3995 1255 5630 4178 932 5363
3948 1195 5677 4169 1012 5377
3986 1260 5612 4174 956 5382
4033 1265 5668 4141 970 5443
4014 1218 5616 4169 993 5387
4038 1246 5626 4220 927 5344
4014 1251 5771 4178 970 5349
4005 1283 5602 4188 923 5330
4019 1259 5602 4216 932 5331
3981 1242 5588 4243 970 5335
4009 1283 5626 4169 923 5377
4005 1264 5579 4188 993 5396
4028 1273 6034 4216 942 5354
3958 1278 6024 4206 942 5317
4023 1301 5649 4178 946 5377
4014 1270 5621 4178 946 5401
4000 1251 5701 4159 993 5335
4005 1209 5673 4202 923 5401
4033 1185 5659 4174 956 5349
3986 1246 5720 4174 946 5401
4052 1306 5555 4174 913 5415
3977 1204 5621 4197 979 5363
3986 1246 5654 4174 913 5340
4028 1237 5630 4174 932 5405
4019 1255 5973 4211 927 5340
