4206 988 5471 3780 1419 5541
4215 932 5532 3808 1358 5630
4202 988 5537 3799 1409 5640
4174 937 5537 3827 1423 5626
4225 927 5429 3752 1405 5630
4206 932 5490 3757 1409 5598
4206 988 5508 3794 1433 5584
4220 932 5476 3794 1409 5668
4197 909 5504 3794 1452 5593
4202 923 5518 3822 1447 5644
4197 937 5480 3761 1423 5602
4183 951 5508 3827 1466 5593
4188 951 5546 3808 1452 5682
4220 909 5499 3785 1433 5673
4174 956 5447 3785 1423 5630
4225 895 5490 3799 1423 5644
4206 965 5490 3776 1442 5677
4169 979 5508 3822 1419 5649
4202 899 5471 3785 1433 5649
4188 951 5532 3804 1423 5640
4197 932 5499 3780 1386 5579
4211 904 5443 3822 1414 5560
4229 901 5555 3804 1423 5621
4174 923 5555 3776 1466 5626
4206 970 5537 3780 1466 5644
4243 932 5555 3776 1442 5607
4192 932 5447 3780 1461 5574
4234 937 5476 3799 1400 5616
4174 923 5476 3785 1400 5607
4164 937 5471 3780 1395 5635
4216 956 5466 3780 1381 5649
4169 956 5433 3766 1377 5607
4206 927 5508 3799 1433 5607
4192 895 5490 3794 1395 5644
4183 937 5527 3808 1405 5579
4220 913 5471 3771 1461 5584
4192 937 5476 3785 1409 5630
4234 956 5499 3790 1405 5602
4206 895 5560 3752 1433 5682
4202 937 5541 3776 1391 5551
4178 951 5551 3771 1461 5579
4220 923 5551 3790 1480 5640
4197 904 5602 3766 1437 5644
4155 946 5410 3780 1433 5593
4234 932 5471 3757 1423 5569
4183 915 5494 3841 1414 5598
4225 979 5462 3780 1447 5621
4202 970 5513 3780 1423 5588
4220 895 5457 3808 1437 5602
4211 915 5494 3799 1395 5659
