3916 1068 5752 4009 970 5279
3892 1035 5818 3920 970 5368
3873 913 5827 4009 1003 5256
3873 1059 5776 3986 993 5317
3859 1045 5818 4005 1031 5326
3892 1082 5757 4000 1007 5289
3906 1134 5748 3934 1007 5289
3897 1143 5743 3930 1073 5298
3911 1124 5734 3911 1017 5298
3920 988 5776 3920 984 5265
3944 1124 5743 3962 1017 5275
3897 1106 5813 3925 988 5326
3883 1073 5785 3972 974 5307
3864 1078 5752 3991 1026 5307
3873 1045 5809 4014 1012 5307
3887 1059 5748 3906 965 5307
3873 1064 5837 3920 960 5303
3887 1096 5691 3958 979 5321
3911 1082 5748 3930 1007 5256
3911 1096 5818 3911 979 5289
3878 1040 5804 3930 974 5303
3897 1064 5785 3967 998 5298
3887 1059 5813 3897 993 5270
3859 1078 5701 3930 1026 5298
3873 1064 5715 3902 998 5307
3911 1045 5785 3911 984 5270
3897 1054 5743 3991 993 5265
3887 1059 5748 3967 960 5265
3869 1054 5705 3939 984 5246
3859 1068 5766 3916 993 5321
3902 1073 5799 3934 1026 5331
3855 1049 5860 3986 942 5289
3836 1082 5743 3962 988 5284
3892 1115 5715 3958 984 5326
3878 1054 5738 3972 970 5256
3869 1045 5795 3958 979 5321
3911 1073 5856 3892 942 5363
3869 1031 5757 3972 1035 5326
3892 1101 5715 3967 1045 5312
3855 1031 5762 3958 998 5326
3878 1096 5715 3967 1003 5275
3873 1059 5752 3944 1021 5307
3897 1092 5710 3948 988 5312
3902 1049 5785 3911 993 5317
3902 1049 5743 3972 998 5260
3916 1059 5766 3930 998 5307
3869 1073 5757 3934 979 5340
3850 1092 5743 4019 974 5279
3916 1059 5762 3948 1003 5317
3925 1059 5743 3991 984 5275
