4033 988 5260 3962 1031 5696
4033 960 5335 3911 1021 5715
4019 956 5344 3906 1054 5668
4023 956 5289 3920 1045 5780
4023 993 5307 3887 1026 5687
4000 956 5307 3845 1049 5724
4019 932 5317 3883 1049 5701
4014 956 5372 3916 1021 5691
4023 979 5317 3920 1017 5696
4023 937 5326 3873 1012 5743
4042 946 5317 3887 1026 5752
4009 984 5307 3920 1035 5682
4000 937 5344 3873 1045 5720
4000 942 5340 3930 1040 5701
4023 974 5331 3953 1035 5743
4023 965 5232 3873 984 5720
4042 974 5321 3883 1021 5673
4000 960 5275 3930 1054 5734
4019 974 5321 3878 1017 5668
3967 988 5293 3897 1035 5691
3986 965 5307 3869 1049 5710
3991 965 5349 3859 1040 5701
3986 984 5326 3925 1012 5771
3995 932 5331 3944 1007 5701
3972 1003 5387 3977 1021 5696
4023 951 5340 3892 984 5748
3995 946 5312 3892 988 5757
4000 970 5298 3934 1012 5720
3981 974 5321 3892 1040 5687
4028 970 5321 3906 1017 5757
3995 956 5340 3851 1049 5809
3995 956 5298 3906 1059 5766
3995 951 5326 3939 1040 5785
4009 988 5317 3911 1040 5738
4000 1003 5330 3892 1021 5715
4028 1012 5298 3902 1045 5682
4014 979 5326 3869 1054 5691
4009 988 5321 3878 1073 5710
4009 974 5317 3916 1021 5682
4000 965 5303 3920 1045 5809
3995 951 5279 3878 1021 5677
4042 1007 5363 3897 1026 5710
4028 956 5331 3883 1017 5682
3995 956 5358 3873 1035 5743
3986 984 5344 3892 1040 5766
3986 1003 5326 3887 1054 5701
3995 1007 5331 3832 1035 5752
4009 970 5293 3892 1017 5701
4005 1003 5293 3892 1045 5668
4019 960 5363 3902 1040 5696
