3995 1049 5724 3822 1096 5358
3972 1021 5635 3818 1148 5321
3977 1073 5635 3804 1035 5462
4014 1059 5649 3836 1049 5433
4005 1073 5630 3827 1059 5429
3995 1007 5691 3804 1035 5415
4019 1035 5663 3836 1129 5480
4014 1040 5710 3804 1068 5377
3995 1007 5691 3846 1078 5410
4080 1012 5705 3827 1021 5405
4019 979 5720 3804 1059 5419
4014 1017 5626 3841 1143 5438
4019 993 5626 3836 1064 5396
3981 993 5602 3808 1110 5494
4023 998 5612 3794 1134 5396
4056 1007 5621 3808 1096 5396
4047 974 5691 3869 1082 5354
4023 979 5734 3827 1124 5424
4019 965 5630 3827 1087 5391
4014 960 5644 3818 1096 5368
4023 988 5691 3808 1045 5480
4019 970 5771 3808 1045 5401
3981 998 5696 3850 1087 5396
4000 993 5630 3822 1068 5433
3986 1003 5720 3804 1124 5419
4019 988 5715 3794 1059 5476
3995 1031 5691 3832 1068 5382
4000 993 5752 3790 1120 5415
3967 1031 5701 3790 1092 5447
4009 1012 5626 3813 1045 5415
4023 979 5640 3846 1035 5452
3991 984 5691 3841 1073 5358
4005 1007 5612 3804 1082 5363
3995 1031 5668 3846 1148 5438
4005 1031 5701 3808 1101 5476
4019 988 5644 3808 1124 5415
4009 1012 5701 3836 1045 5490
3986 1026 5565 3808 1082 5429
4019 1026 5682 3822 1129 5396
4023 974 5654 3832 1073 5340
4000 1003 5663 3851 1082 5326
4023 1003 5673 3813 1106 5401
3995 988 5710 3878 1092 5372
4005 988 5630 3850 1134 5424
4023 1007 5644 3761 1115 5410
4023 993 5602 3846 1129 5433
4000 1012 5574 3841 1087 5494
4028 1021 5649 3846 1059 5354
3981 1040 5579 3794 1134 5363
4047 1021 5654 3850 1124 5419
