3855 1167 5391 3953 1171 5677
3864 1101 5443 3864 984 5621
3859 1068 5471 3967 984 5654
3873 1082 5410 3934 979 5663
3827 1101 5443 3930 979 5598
3827 1110 5415 3986 988 5630
3846 1110 5415 3902 974 5663
3846 1120 5462 3892 1021 5616
3841 1153 5424 4000 974 5635
3869 1157 5433 4009 1003 5644
3855 1096 5429 3920 984 5616
3818 1101 5447 3967 998 5579
3851 1106 5490 3883 1012 5654
3846 1068 5382 3939 1026 5682
3859 1148 5419 3995 974 5602
3859 1096 5405 3911 1003 5621
3841 1064 5401 3855 1026 5602
3808 1106 5358 3967 984 5630
3841 1120 5466 3911 1031 5612
3851 1134 5438 3991 993 5682
3878 1157 5391 3878 1031 5673
3850 1115 5438 3925 1007 5593
3846 1068 5438 3892 979 5584
3864 1115 5419 3864 970 5682
3846 1120 5387 3939 979 5649
3841 1082 5438 3911 965 5621
3850 1096 5391 3916 998 5621
3855 1115 5415 3920 970 5621
3832 1073 5387 3864 984 5621
3845 1139 5471 3916 984 5630
3845 1096 5368 3897 1003 5621
3892 1139 5410 3906 998 5593
3850 1092 5443 3958 1003 5654
3869 1078 5429 3948 979 5644
3850 1167 5424 3991 988 5598
3822 1101 5349 3897 998 5640
3813 1092 5391 3897 965 5621
3878 1129 5429 3930 960 5729
3851 1124 5368 3925 1003 5673
3836 1120 5372 3902 1012 5635
3804 1078 5405 3934 988 5616
3864 1115 5480 3906 998 5607
3850 1124 5387 3944 979 5607
3883 1064 5396 3916 1007 5626
3869 1096 5447 3967 988 5621
3878 1096 5452 3864 965 5644
3859 1143 5447 3911 998 5649
3846 1124 5462 3930 979 5598
3822 1082 5476 3962 1017 5649
3836 1110 5415 3925 942 5659
