3630 1840 5003 3466 1648 5344
3588 1850 5003 3461 1624 5326
3630 1915 5035 3447 1648 5349
3593 1864 5040 3419 1629 5358
3630 1873 4974 3396 1667 5363
3574 1854 5068 3367 1662 5354
3630 1831 5017 3480 1653 5349
3649 1817 5073 3377 1634 5410
3607 1868 5007 3471 1653 5410
3611 1868 5031 3457 1657 5405
3639 1850 5007 3452 1620 5354
3597 1817 5063 3400 1643 5419
3602 1831 4988 3410 1685 5335
3644 1906 4998 3480 1676 5368
3602 1845 4984 3419 1625 5368
3644 1845 4993 3489 1648 5368
3588 1859 5078 3438 1629 5368
3597 1826 5054 3405 1624 5387
3574 1864 5021 3424 1648 5363
3611 1868 5078 3419 1625 5382
3607 1845 5026 3419 1634 5424
3621 1831 5007 3457 1625 5358
3625 1826 5012 3503 1653 5372
3630 1854 5017 3414 1624 5372
3607 1850 5026 3419 1629 5396
3635 1850 5007 3414 1648 5382
3607 1873 5012 3367 1648 5363
3621 1831 5007 3499 1620 5344
3621 1840 5017 3400 1662 5368
3579 1845 5087 3433 1676 5391
3593 1798 5017 3400 1657 5387
3621 1892 5021 3461 1634 5358
3625 1854 5017 3457 1634 5401
3588 1854 5017 3452 1667 5358
3593 1840 5035 3400 1667 5368
3611 1826 5026 3410 1639 5349
3635 1850 5021 3527 1657 5396
3616 1878 5017 3386 1653 5391
3616 1845 5082 3419 1662 5349
3649 1826 4984 3405 1657 5335
3602 1845 5017 3461 1643 5340
3607 1821 5007 3485 1624 5382
3621 1892 4993 3400 1606 5415
3602 1775 5049 3471 1685 5387
3616 1850 5035 3447 1648 5391
3663 1906 5012 3419 1676 5391
3611 1840 5012 3461 1685 5344
3616 1868 4993 3457 1671 5405
3639 1821 5035 3428 1639 5415
3621 1859 4993 3410 1625 5401
