3513 1569 5358 3442 1882 5195
3541 1602 5391 3442 1878 5181
3522 1564 5321 3447 1868 5195
3518 1541 5391 3405 1859 5200
3503 1564 5344 3414 1864 5228
3503 1555 5321 3461 1864 5185
3499 1606 5377 3433 1868 5129
3527 1574 5326 3499 1878 5181
3461 1550 5331 3485 1859 5190
3466 1569 5382 3447 1882 5181
3499 1522 5363 3447 1882 5185
3522 1559 5330 3452 1911 5157
3466 1564 5391 3386 1882 5157
3466 1555 5354 3471 1887 5232
3541 1541 5354 3396 1859 5190
3461 1564 5372 3400 1854 5190
3503 1592 5321 3419 1864 5185
3541 1602 5349 3466 1845 5195
3499 1555 5372 3438 1836 5232
3499 1555 5377 3433 1878 5181
3508 1616 5382 3461 1859 5157
3560 1550 5410 3438 1840 5167
3480 1555 5335 3442 1868 5237
3475 1550 5354 3471 1859 5190
3475 1574 5344 3447 1854 5190
3499 1597 5326 3414 1836 5176
3485 1564 5377 3480 1887 5171
3494 1564 5391 3452 1845 5218
3522 1574 5372 3452 1873 5176
3513 1583 5387 3442 1882 5181
3555 1574 5335 3480 1882 5171
3527 1550 5368 3442 1850 5153
3508 1569 5377 3489 1878 5214
3461 1555 5405 3466 1897 5190
3546 1578 5326 3518 1807 5162
3550 1578 5363 3438 1831 5232
3532 1578 5377 3457 1901 5139
3475 1550 5391 3466 1850 5139
3471 1588 5354 3438 1882 5129
3518 1569 5340 3428 1826 5143
3550 1569 5363 3461 1897 5190
3532 1559 5326 3471 1882 5204
3475 1545 5326 3471 1901 5171
3546 1574 5340 3466 1897 5129
3480 1536 5331 3461 1831 5167
3518 1522 5396 3447 1840 5200
3503 1569 5363 3457 1906 5190
3532 1602 5405 3503 1887 5209
3508 1578 5354 3386 1850 5157
3518 1574 5382 3447 1915 5223
