3377 1929 5349 3677 1671 5242
3377 1990 5358 3677 1676 5181
3330 1976 5358 3630 1700 5214
3363 2018 5326 3579 1662 5232
3372 1981 5321 3564 1709 5176
3349 1994 5396 3597 1709 5200
3353 1990 5335 3625 1648 5209
3377 1990 5415 3700 1685 5209
3339 1972 5368 3719 1700 5214
3377 1962 5326 3616 1732 5190
3363 1999 5307 3611 1634 5232
3349 1995 5330 3630 1671 5275
3400 1958 5354 3644 1685 5242
3438 2041 5340 3649 1723 5242
3363 1994 5377 3574 1690 5204
3363 1943 5317 3705 1690 5200
3382 1948 5326 3668 1681 5195
3377 1990 5382 3672 1709 5214
3358 1981 5330 3639 1695 5171
3363 1962 5387 3668 1709 5209
3363 1976 5326 3682 1695 5195
3391 1953 5275 3663 1653 5171
3382 1994 5330 3644 1653 5200
3400 1990 5358 3611 1685 5181
3386 1920 5331 3649 1732 5171
3316 1915 5293 3625 1685 5120
3419 1995 5363 3738 1704 5228
3377 2018 5358 3611 1648 5237
3372 1994 5326 3700 1732 5214
3386 2018 5312 3602 1662 5209
3325 1967 5298 3682 1685 5214
3353 1990 5321 3668 1723 5232
3372 1948 5377 3635 1704 5218
3363 1948 5330 3682 1732 5181
3382 1995 5354 3696 1685 5228
3363 1976 5293 3625 1667 5143
3382 2004 5363 3747 1648 5134
3400 1958 5382 3564 1770 5232
3358 1981 5382 3668 1657 5157
3353 1943 5331 3639 1671 5209
3311 2032 5317 3607 1714 5171
3349 1939 5330 3705 1657 5204
3330 1967 5358 3654 1690 5209
3367 1999 5391 3639 1709 5171
3363 1934 5363 3635 1700 5176
3325 1953 5372 3724 1700 5204
3391 1999 5358 3682 1704 5200
3391 1990 5368 3602 1714 5218
3353 1972 5331 3700 1681 5162
3372 2013 5335 3611 1746 5200
