3367 1676 5354 3541 1812 4960
3457 1695 5462 3541 1812 4965
3410 1690 5401 3597 1850 5040
3466 1657 5462 3579 1807 5007
3410 1657 5457 3597 1831 4984
3367 1695 5476 3527 1784 4965
3405 1653 5419 3550 1789 4974
3419 1657 5508 3569 1850 4956
3419 1681 5419 3579 1836 4988
3428 1700 5457 3503 1845 5007
3410 1681 5424 3503 1864 5021
3428 1685 5541 3550 1803 4965
3424 1662 5396 3550 1821 4952
3396 1643 5480 3607 1826 5003
3405 1681 5457 3536 1859 5012
3414 1714 5415 3579 1779 4937
3410 1620 5382 3569 1826 4984
3414 1662 5513 3611 1784 4952
3485 1685 5382 3574 1784 4965
3386 1685 5382 3588 1812 5040
3410 1671 5396 3588 1793 5017
3414 1648 5391 3564 1793 5045
3400 1662 5476 3513 1803 4965
3410 1681 5490 3593 1803 4970
3442 1643 5447 3536 1873 4979
3386 1648 5433 3611 1770 4984
3377 1700 5447 3574 1840 4974
3424 1671 5424 3555 1775 4952
3419 1685 5433 3597 1845 4974
3419 1676 5396 3616 1779 5012
3428 1662 5396 3597 1826 4905
3438 1690 5424 3611 1784 4998
3414 1657 5424 3593 1859 4952
3414 1657 5405 3583 1784 5026
3405 1695 5471 3593 1812 4966
3358 1653 5419 3616 1812 5007
3382 1700 5419 3607 1845 5017
3438 1695 5462 3503 1775 4998
3475 1704 5485 3569 1765 5026
3452 1667 5391 3569 1831 4966
3442 1653 5387 3536 1746 5026
3442 1662 5443 3550 1817 4998
3410 1676 5382 3574 1798 4952
3442 1681 5457 3564 1831 4956
3419 1634 5471 3649 1793 4937
3419 1648 5476 3560 1850 5003
3466 1690 5518 3560 1817 5026
3391 1671 5387 3593 1854 5003
3410 1681 5452 3574 1840 4960
3433 1639 5401 3583 1826 4998
