3447 1821 5176 3508 1569 5270
3457 1803 5153 3499 1602 5321
3489 1897 5171 3532 1564 5330
3452 1873 5200 3532 1611 5260
3457 1873 5139 3546 1588 5307
3461 1897 5124 3475 1564 5270
3503 1915 5134 3532 1555 5330
3508 1925 5204 3536 1625 5270
3508 1920 5153 3471 1564 5298
3475 1850 5139 3508 1569 5246
3489 1882 5092 3522 1602 5242
3480 1929 5181 3518 1597 5256
3466 1864 5139 3522 1602 5331
3508 1925 5134 3555 1531 5275
3475 1850 5110 3489 1578 5275
3494 1901 5176 3518 1597 5284
3424 1929 5176 3518 1564 5275
3546 1882 5139 3503 1578 5298
3466 1836 5171 3536 1578 5303
3494 1882 5185 3489 1545 5265
3522 1901 5120 3513 1597 5265
3461 1892 5110 3550 1583 5293
3522 1892 5124 3508 1592 5279
3428 1840 5204 3602 1545 5284
3494 1873 5139 3522 1550 5307
3471 1864 5143 3518 1559 5260
3466 1845 5134 3485 1574 5265
3508 1901 5139 3579 1569 5326
3405 1859 5124 3564 1578 5270
3461 1868 5143 3555 1574 5284
3499 1873 5181 3536 1574 5270
3442 1892 5139 3494 1569 5260
3457 1892 5143 3527 1574 5260
3489 1859 5167 3532 1569 5242
3489 1901 5139 3541 1597 5237
3518 1840 5153 3457 1588 5284
3508 1854 5120 3518 1583 5326
3461 1840 5195 3569 1583 5317
3518 1901 5139 3503 1569 5340
3475 1868 5190 3541 1559 5270
3466 1897 5157 3513 1555 5298
3485 1826 5270 3513 1559 5335
3452 1897 5139 3527 1550 5344
3494 1836 5195 3546 1564 5289
3438 1868 5195 3527 1550 5289
3475 1892 5190 3499 1592 5265
3428 1850 5129 3522 1564 5279
3489 1901 5176 3499 1574 5256
3447 1868 5134 3457 1574 5284
3489 1892 5120 3527 1588 5321
