3729 1676 5017 3311 1695 5476
3771 1709 5106 3321 1779 5471
3715 1653 5073 3297 1789 5447
3766 1681 5101 3311 1789 5490
3766 1690 5110 3382 1732 5457
3752 1685 5082 3306 1761 5471
3705 1723 5049 3311 1812 5508
3719 1700 5040 3349 1714 5527
3733 1671 5073 3344 1746 5447
3710 1639 5063 3349 1709 5508
3743 1671 5082 3330 1807 5537
3771 1667 5106 3297 1779 5466
3799 1667 5082 3297 1761 5462
3738 1639 5068 3325 1756 5527
3719 1653 5073 3302 1709 5494
3794 1676 5078 3302 1784 5490
3776 1681 5068 3377 1789 5518
3715 1648 5087 3339 1728 5480
3710 1685 5115 3349 1714 5504
3715 1685 5063 3316 1770 5508
3766 1648 5082 3311 1784 5513
3761 1671 5054 3283 1765 5457
3794 1723 5045 3349 1756 5508
3719 1681 5110 3325 1681 5494
3757 1704 5063 3288 1756 5494
3729 1704 5082 3321 1751 5537
3747 1657 5054 3297 1742 5494
3743 1624 5106 3339 1770 5504
3738 1667 5012 3306 1761 5480
3724 1681 5031 3349 1775 5490
3776 1653 5096 3316 1746 5476
3757 1681 5073 3311 1700 5490
3785 1681 5110 3292 1756 5457
3743 1690 4998 3316 1714 5480
3790 1704 5063 3297 1779 5433
3738 1653 5063 3335 1798 5494
3757 1695 5078 3316 1765 5527
3761 1685 5063 3330 1821 5527
3719 1695 5059 3358 1714 5466
3724 1667 5101 3321 1761 5532
3733 1634 5106 3306 1831 5490
3743 1681 5101 3302 1770 5504
3766 1648 5110 3339 1685 5494
3710 1648 5073 3306 1770 5523
3733 1667 5106 3367 1817 5466
3780 1681 5120 3330 1746 5532
3766 1653 5059 3335 1803 5476
3766 1676 5134 3391 1695 5494
3747 1714 5092 3292 1700 5508
3738 1685 5049 3372 1765 5433
