3297 1859 5344 3733 1704 5012
3325 1817 5447 3747 1643 5021
3288 1831 5396 3715 1648 5073
3288 1878 5335 3719 1746 5082
3311 1817 5358 3747 1728 5049
3283 1868 5330 3757 1625 5035
3311 1826 5326 3733 1695 5073
3283 1831 5405 3752 1634 4988
3260 1878 5387 3780 1676 5026
3245 1864 5424 3733 1634 4974
3269 1873 5382 3743 1742 5092
3255 1845 5433 3724 1685 5059
3297 1859 5340 3799 1732 5078
3264 1836 5424 3785 1700 5073
3288 1817 5382 3771 1718 5054
3311 1850 5405 3747 1634 5049
3269 1831 5401 3715 1634 5031
3288 1826 5429 3719 1700 5059
3297 1840 5349 3766 1676 5078
3330 1831 5377 3738 1676 5003
3321 1807 5387 3752 1648 5026
3288 1821 5368 3747 1723 5035
3316 1826 5372 3700 1718 5035
3316 1812 5377 3808 1685 5026
3297 1826 5410 3780 1634 5068
3297 1836 5410 3752 1616 5073
3339 1836 5387 3752 1667 5092
3264 1836 5429 3766 1723 5035
3316 1817 5354 3719 1700 5068
3311 1859 5396 3743 1723 5115
3306 1836 5391 3780 1639 5035
3288 1817 5377 3710 1723 5106
3302 1836 5419 3733 1742 5054
3292 1850 5331 3761 1732 5049
3288 1850 5419 3757 1718 5068
3321 1826 5415 3733 1625 5082
3321 1859 5415 3752 1695 5106
3335 1859 5382 3790 1704 5082
3264 1859 5391 3747 1723 5059
3321 1812 5415 3757 1709 5110
3330 1821 5363 3738 1643 5031
3245 1850 5363 3761 1742 5078
3283 1868 5452 3715 1704 5120
3260 1836 5424 3729 1662 5059
3269 1836 5326 3747 1718 5068
3344 1859 5326 3761 1690 5021
3335 1826 5410 3743 1685 5059
3274 1836 5363 3733 1639 5063
3292 1840 5382 3808 1685 5054
3264 1840 5396 3743 1667 5082
