3672 1620 5204 3372 1746 5335
3696 1606 5246 3424 1775 5363
3663 1602 5167 3410 1737 5344
3700 1602 5190 3405 1793 5368
3696 1616 5214 3433 1779 5401
3686 1662 5195 3405 1775 5363
3747 1639 5232 3396 1817 5326
3654 1602 5246 3391 1812 5391
3668 1606 5181 3386 1789 5335
3715 1624 5303 3433 1817 5438
3724 1597 5256 3367 1821 5387
3715 1620 5218 3391 1761 5391
3686 1588 5209 3386 1812 5344
3663 1583 5242 3382 1812 5349
3672 1620 5251 3377 1803 5307
3705 1606 5228 3372 1817 5340
3691 1620 5185 3424 1789 5382
3663 1620 5204 3414 1803 5391
3654 1657 5228 3400 1817 5368
3691 1639 5237 3367 1803 5372
3696 1625 5242 3405 1803 5303
3663 1620 5228 3391 1784 5382
3649 1629 5242 3377 1775 5344
3663 1611 5237 3396 1850 5330
3710 1624 5260 3386 1803 5331
3677 1606 5293 3353 1826 5363
3682 1588 5190 3400 1770 5424
3668 1611 5270 3349 1775 5340
3743 1606 5246 3391 1817 5340
3700 1602 5190 3424 1798 5382
3668 1639 5246 3372 1821 5303
3654 1606 5246 3377 1798 5330
3677 1583 5265 3386 1840 5344
3705 1602 5237 3386 1826 5377
3691 1634 5260 3363 1789 5363
3724 1624 5223 3405 1812 5405
3682 1606 5185 3400 1765 5354
3672 1611 5256 3382 1868 5344
3700 1667 5232 3400 1817 5391
3658 1629 5200 3363 1793 5391
3691 1611 5167 3396 1817 5335
3700 1620 5228 3424 1798 5372
3682 1648 5218 3372 1803 5368
3663 1624 5223 3386 1831 5344
3691 1634 5298 3349 1789 5349
3686 1611 5232 3424 1779 5405
3729 1629 5279 3382 1803 5415
3663 1620 5218 3358 1770 5317
3691 1624 5265 3424 1812 5349
3729 1625 5232 3372 1831 5312
