3325 2979 5101 3288 2492 5148
3311 2974 5153 3278 2482 5171
3325 2932 5115 3203 2454 5134
3321 2955 5162 3222 2510 5110
3316 2993 5087 3292 2506 5167
3302 2974 5110 3199 2463 5115
3311 2974 5115 3250 2449 5139
3358 2998 5082 3358 2463 5209
3325 2955 5162 3330 2473 5153
3288 2983 5110 3302 2463 5110
3321 2998 5120 3344 2482 5181
3297 2983 5129 3278 2506 5176
3321 2993 5129 3269 2478 5246
3297 3007 5115 3236 2431 5110
3363 2927 5049 3278 2468 5139
3297 2979 5101 3274 2478 5124
3302 2965 5171 3250 2492 5148
3339 2951 5153 3269 2510 5209
3297 2969 5176 3269 2496 5139
3339 2937 5143 3213 2501 5134
3363 2969 5167 3250 2496 5190
3292 2960 5171 3231 2487 5153
3316 2927 5181 3213 2463 5157
3321 2988 5167 3222 2459 5228
3278 2904 5162 3260 2510 5078
3302 2979 5185 3255 2515 5115
3278 2960 5059 3269 2449 5167
3325 2960 5185 3245 2496 5115
3321 2960 5153 3292 2454 5139
3335 2983 5101 3260 2459 5129
3335 2922 5120 3255 2492 5185
3321 2941 5073 3316 2426 5185
3330 2993 5214 3260 2463 5204
3344 2974 5195 3288 2482 5157
3321 2951 5124 3213 2510 5129
3297 2960 5190 3269 2482 5120
3321 2998 5101 3245 2482 5148
3372 2965 5148 3274 2482 5143
3325 2974 5068 3189 2454 5162
3302 3012 5101 3269 2492 5223
3302 2969 5092 3231 2482 5106
3335 2993 5134 3231 2506 5162
3321 2941 5129 3311 2492 5153
3292 2927 5092 3264 2501 5153
3283 2913 5134 3321 2468 5157
3306 2955 5096 3288 2459 5129
3311 2974 5134 3241 2478 5209
3311 2904 5185 3203 2454 5110
3316 2908 5082 3241 2482 5134
3330 2937 5120 3321 2487 5171
