3213 2955 5279 3367 2576 5003
3213 2890 5251 3428 2581 5017
3161 2941 5270 3260 2656 5068
3161 2946 5270 3442 2628 5003
3194 2932 5312 3475 2618 5068
3203 2894 5279 3316 2609 5082
3199 2904 5298 3433 2599 5096
3203 2946 5293 3400 2642 5059
3185 2932 5256 3400 2642 5026
3170 2941 5256 3391 2581 5026
3217 2908 5293 3353 2656 5054
3180 2927 5303 3339 2623 4984
3227 2899 5321 3292 2604 4974
3180 2960 5321 3358 2646 5031
3180 2946 5270 3372 2571 5054
3170 2894 5256 3335 2651 5059
3170 2904 5303 3396 2637 5063
3194 2951 5307 3335 2562 5021
3203 2932 5246 3386 2632 5026
3166 2927 5321 3311 2581 5092
3180 2932 5260 3353 2618 5049
3170 2918 5298 3311 2599 4993
3231 2941 5251 3306 2590 5045
3170 2871 5303 3321 2656 5035
3147 2904 5265 3339 2623 5031
3175 2951 5321 3377 2614 5059
3175 2918 5260 3461 2637 5059
3217 2890 5232 3358 2590 5026
3199 2922 5275 3396 2642 5012
3185 2871 5256 3391 2637 5045
3180 2965 5284 3353 2576 5021
3166 2927 5293 3480 2614 5045
3217 2946 5293 32699 2604 5040
3208 2904 5214 3372 2642 5087
3175 2890 5275 3471 2590 5040
3166 2904 5317 3377 2646 5007
3208 2894 5293 3424 2660 5012
3185 2951 5307 3316 2590 5012
3147 2937 5237 3372 2637 4998
3189 2918 5298 3367 2689 4998
3203 2904 5312 3372 2642 5021
3170 2937 5284 3344 2646 5003
3185 2913 5303 3372 2604 5017
3138 2918 5242 3400 2599 5054
3189 2941 5279 3438 2689 5017
3156 2890 5321 3316 2595 5035
3138 2880 5284 3330 2581 5026
3133 2941 5298 3292 2623 5012
3194 2927 5298 3344 2595 5035
3166 2927 5289 3363 2614 5017
