3109 2609 5303 3349 2735 4933
3087 2590 5284 3321 2749 4942
3142 2628 5317 3410 2754 4900
3096 2595 5349 3367 2768 4956
3124 2599 5326 3367 2754 4923
3152 2585 5307 3410 2735 4876
3161 2548 5209 3475 2735 4914
3105 2628 5270 3410 2763 4909
3128 2604 5331 3372 2721 4919
3124 2632 5298 3457 2735 4909
3128 2581 5340 3372 2740 4919
3156 2599 5284 3344 2726 4867
3133 2590 5307 3405 2749 4891
3114 2642 5303 3414 2721 4876
3100 2585 5275 3377 2758 4891
3101 2581 5326 3480 2740 4905
3152 2590 5265 3396 2731 4933
3142 2599 5321 3419 2777 4858
3096 2656 5284 3344 2758 4881
3109 2632 5256 3414 2735 4937
3124 2614 5251 3367 2726 4923
3096 2646 5298 3424 2717 4947
3105 2623 5307 3396 2754 4933
3124 2599 5275 3396 2763 4919
3138 2599 5321 3391 2740 4891
3133 2553 5275 3335 2717 4970
3142 2614 5326 3386 2731 4876
3128 2590 5279 3391 2768 4881
3128 2604 5284 3419 2754 4905
3147 2614 5312 3419 2740 4966
3142 2585 5298 3466 2772 4853
3133 2585 5270 3414 2721 4919
3105 2571 5303 3438 2731 4858
3119 2628 5293 3447 2786 4886
3128 2548 5293 3358 2740 4909
3147 2581 5330 3466 2758 4942
3105 2609 5303 3386 2763 4947
3114 2604 5275 3410 2754 4881
3105 2595 5265 3414 2735 4900
3124 2595 5270 3466 2726 4891
3128 2581 5363 3433 2749 4909
3114 2642 5326 3428 2749 4928
3105 2581 5251 3353 2791 4853
3138 2646 5298 3410 2744 4876
3128 2656 5293 3353 2763 4905
3109 2614 5321 3438 2698 4900
3138 2590 5298 3428 2763 4905
3119 2595 5326 3353 2740 4952
3114 2576 5307 3396 2749 4947
3170 2595 5293 3391 2712 4979
