3532 2637 4900 3100 2731 5419
3621 2590 4933 3101 2735 5457
3574 2614 4909 3114 2749 5447
3564 2637 4909 3142 2749 5410
3574 2599 4942 3077 2735 5429
3532 2609 4942 3124 2735 5415
3607 2623 4914 3091 2749 5410
3541 2618 4905 3170 2740 5452
3555 2651 4914 3119 2740 5471
3550 2628 4942 3152 2735 5462
3550 2651 4895 3142 2758 5480
3555 2632 4937 3105 2679 5447
3569 2632 4895 3096 2735 5471
3564 2637 4876 3119 2740 5443
3574 2590 4961 3101 2758 5476
3560 2651 4961 3152 2703 5419
3579 2646 4891 3109 2726 5504
3541 2614 4942 3101 2735 5405
3564 2618 4923 3105 2735 5466
3536 2628 4947 3096 2768 5447
3541 2646 4993 3161 2717 5401
3574 2628 4952 3082 2777 5518
3569 2623 4933 3133 2721 5433
3513 2637 4937 3133 2754 5415
3564 2604 4960 3109 2712 5433
3616 2642 4937 3105 2740 5433
3546 2614 4952 3128 2749 5415
3546 2637 4966 3152 2754 5429
3550 2656 4900 3073 2707 5433
3541 2660 4961 3133 2749 5480
3564 2618 4974 3124 2740 5438
3555 2665 4937 3128 2772 5433
3560 2614 4937 3119 2749 5447
3588 2651 4947 3068 2754 5499
3555 2614 4961 3175 2763 5490
3593 2632 4905 3091 2735 5447
3583 2656 4937 3087 2735 5410
3536 2590 4960 3087 2740 5466
3532 2618 4942 3109 2749 5452
3579 2642 4998 3161 2740 5438
3602 2632 4952 3133 2754 5433
3607 2604 4965 3073 2717 5480
3536 2646 4960 3105 2754 5466
3593 2656 4956 3124 2744 5358
3550 2637 4956 3100 2749 5452
3574 2632 4928 3101 2740 5382
3588 2632 4923 3109 2749 5438
3550 2609 4928 3119 2735 5382
3560 2637 4937 3100 2749 5438
3546 2614 4998 3114 2735 5471
