3424 2675 4993 3208 2562 5242
3428 2735 4960 3105 2595 5279
3452 2744 4966 3105 2538 5260
3405 2642 4974 3101 2520 5279
3447 2684 4956 3138 2590 5246
3400 2651 4914 3105 2590 5265
3419 2646 4965 3100 2576 5289
3447 2675 4914 3091 2609 5251
3461 2717 4905 3128 2562 5260
3419 2740 4942 3119 2571 5284
3466 2717 4952 3096 2567 5237
3386 2731 4952 3091 2571 5223
3428 2740 4998 3119 2599 5251
3452 2749 4947 3101 2590 5260
3466 2740 4881 3133 2581 5279
3396 2740 4942 3105 2595 5228
3391 2744 4993 3054 2567 5284
3438 2707 4933 3133 2590 5298
3424 2670 4965 3100 2599 5275
3442 2698 5035 3133 2553 5270
3480 2735 4984 3101 2524 5251
3461 2735 4979 3119 2506 5307
3457 2684 4970 3091 2562 5275
3442 2693 4923 3087 2585 5279
3433 2726 4919 3109 2590 5214
3471 2726 4965 3100 2599 5275
3457 2675 5026 3105 2604 5284
3489 2721 4961 3133 2576 5293
3475 2717 4947 3082 2585 5312
3405 2749 4961 3063 2571 5242
3405 2656 4966 3087 2567 5275
3438 2735 5031 3082 2590 5251
3428 2703 4960 3100 2609 5279
3391 2665 4984 3114 2590 5251
3489 2749 4960 3063 2557 5260
3438 2740 5007 3101 2595 5275
3485 2777 4998 3142 2520 5275
3442 2717 5040 3119 2595 5307
3396 2726 5035 3082 2585 5218
3447 2744 4952 3096 2553 5228
3457 2749 4937 3119 2553 5289
3480 2684 4960 3161 2557 5279
3466 2712 4979 3166 2534 5265
3424 2675 4979 3096 2581 5275
3438 2712 4979 3082 2581 5242
3447 2731 5031 3101 2548 5256
3442 2712 4947 3100 2562 5242
3424 2768 4914 3096 2538 5237
3466 2772 5017 3128 2553 5214
3471 2679 4988 3087 2543 5293
