3096 2768 5452 3780 2642 4966
3105 2735 5433 3761 2585 4956
3105 2777 5410 3686 2590 4914
3133 2758 5354 3733 2609 4966
3109 2735 5452 3696 2632 4960
3109 2735 5424 3752 2632 4974
3087 2717 5396 3771 2609 4933
3063 2749 5382 3757 2632 4970
3109 2754 5401 3715 2585 4937
3101 2744 5424 3761 2632 4937
3096 2744 5354 3799 2599 4984
3077 2749 5438 3785 2599 4900
3101 2777 5391 3733 2623 4988
3114 2758 5410 3785 2585 4923
3128 2740 5457 3761 2609 4960
3114 2735 5424 3785 2614 4905
3124 2717 5391 3761 2614 4923
3105 2740 5405 3696 2581 4909
3096 2740 5401 3804 2609 4923
3101 2744 5457 3729 2628 4956
3105 2731 5443 3733 2609 4984
3100 2740 5401 3719 2628 4965
3101 2735 5480 3700 2604 4960
3100 2758 5424 3785 2618 4970
3128 2740 5401 3752 2637 4900
3138 2754 5363 3705 2599 4960
3100 2726 5462 3794 2618 4979
3105 2731 5424 3729 2604 4952
3105 2731 5377 3752 2614 4988
3100 2740 5401 3724 2609 4984
3128 2749 5372 3743 2614 4979
3138 2740 5382 3710 2614 4876
3105 2740 5424 3691 2609 4923
3128 2754 5452 3724 2614 4952
3096 2735 5471 3691 2632 4960
3100 2754 5396 3696 2604 4928
3114 2740 5415 3804 2623 4923
3109 2740 5452 3724 2637 4961
3100 2735 5405 3686 2604 4979
3091 2749 5401 3710 2585 4952
3100 2735 5405 3729 2585 4988
3096 2749 5424 3696 2651 4942
3073 2763 5419 3752 2609 4947
3133 2754 5382 3752 2614 4965
3161 2735 5447 3710 2609 4937
3105 2740 5438 3705 2590 4919
3119 2749 5354 3747 2581 4961
3077 2754 5405 3686 2623 4970
3124 2726 5377 3747 2581 4919
3109 2754 5429 3696 2599 4923
