3410 2693 5068 3213 2908 5284
3405 2726 5087 3189 2904 5251
3419 2712 5045 3180 2885 5293
3433 2740 5092 3222 2913 5330
3428 2721 5078 3208 2913 5260
3452 2731 5049 3250 2904 5246
3428 2735 5035 3217 2899 5289
3442 2712 5120 3208 2932 5275
3414 2721 5092 3241 2913 5242
3457 2670 5063 3208 2918 5293
3442 2717 5078 3208 2922 5289
3447 2712 5045 3213 2885 5228
3447 2689 5045 3269 2932 5279
3433 2721 5063 3255 2880 5307
3414 2726 5059 3241 2927 5275
3508 2758 5068 3199 2922 5284
3452 2698 5017 3222 2890 5312
3400 2740 5073 3260 2913 5279
3466 2726 5096 3213 2880 5321
3405 2717 5110 3241 2927 5279
3442 2703 5120 3236 2918 5242
3471 2744 5110 3274 2904 5284
3428 2726 5134 3241 2932 5275
3452 2740 5045 3278 2927 5307
3428 2740 5045 3189 2918 5265
3489 2707 5115 3203 2908 5256
3433 2703 5063 3255 2871 5307
3428 2721 5059 3189 2890 5307
3428 2726 5040 3194 2927 5312
3438 2703 5049 3217 2885 5265
3433 2689 5031 3231 2927 5251
3428 2735 5068 3278 2941 5326
3424 2712 5078 3208 2899 5275
3400 2707 5092 3217 2899 5275
3442 2735 5073 3227 2894 5279
3414 2707 5087 3231 2876 5317
3428 2707 5059 3189 2890 5298
3428 2731 5115 3227 2922 5349
3414 2717 5115 3217 2890 5330
3452 2721 5106 3199 2885 5293
3494 2698 5106 3274 2880 5242
3410 2740 5078 3217 2890 5279
3414 2749 5063 3203 2927 5321
3438 2712 5054 3241 2932 5289
3386 2707 5110 3236 2890 5223
3475 2731 5082 3236 2908 5284
3457 2731 5059 3203 2890 5326
3438 2726 5059 3199 2904 5279
3466 2684 5073 3208 2904 5279
3428 2717 5115 3170 2904 5275
