3292 2492 5176 3321 2862 5106
3250 2468 5157 3283 2862 5040
3278 2496 5167 3311 2885 5007
3264 2449 5185 3292 2862 5115
3203 2492 5139 3325 2847 5134
3260 2506 5218 3325 2871 5078
3250 2478 5162 3349 2838 5054
3250 2510 5134 3325 2852 5092
3264 2473 5167 3306 2810 5129
3264 2492 5129 3325 2852 5068
3269 2468 5190 3311 2838 5139
3278 2515 5171 3330 2857 5073
3288 2431 5176 3311 2876 5153
3288 2492 5153 3325 2810 5031
3185 2482 5204 3325 2815 5068
3241 2473 5143 3330 2847 5115
3283 2492 5157 3297 2899 5101
3231 2435 5139 3344 2829 5129
3288 2487 5167 3278 2885 5106
3222 2487 5176 3283 2843 5129
3288 2459 5148 3325 2843 5106
3278 2445 5181 3330 2838 5134
3302 2501 5115 3306 2857 5124
3278 2510 5110 3302 2876 5082
3222 2492 5143 3297 2862 5078
3288 2496 5162 3321 2838 5021
3245 2496 5167 3306 2876 5045
3264 2501 5134 3325 2843 5059
3255 2473 5176 3325 2843 5068
3297 2510 5167 3377 2829 5101
3189 2510 5167 3382 2852 5092
3227 2454 5124 3391 2843 5012
3222 2492 5190 3353 2852 5078
3170 2492 5134 3306 2838 5087
3255 2492 5171 3288 2857 5106
3325 2473 5124 3353 2885 5082
3250 2520 5134 3321 2824 5101
3288 2510 5124 3311 2862 5073
3236 2501 5162 3339 2871 5078
3260 2496 5171 3330 2847 5054
3203 2454 5148 3288 2862 5045
3278 2492 5134 3297 2866 5059
3269 2501 5148 3306 2862 5096
3231 2478 5176 3264 2852 5073
3283 2482 5218 3321 2880 5120
3292 2440 5157 3367 2857 5120
3269 2473 5167 3330 2876 5124
3255 2510 5218 3264 2871 5106
3274 2515 5228 3311 2857 5021
3227 2459 5087 3283 2833 5073
