3255 3682 5546 3630 3682 4979
3274 3583 5476 3658 3677 4966
3311 3696 5523 3639 3593 4979
3255 3658 5494 3719 3663 4993
3278 3654 5490 3639 3686 4952
3283 3654 5504 3677 3668 4974
3260 3672 5513 3644 3691 4966
3236 3588 5494 3658 3616 4933
3278 3635 5476 3654 3649 4979
3274 3644 5480 3639 3621 4961
3241 3654 5452 3672 3696 4965
3274 3663 5485 3700 3710 4960
3250 3654 5513 3654 3691 4891
3250 3625 5471 3686 3644 4966
3255 3654 5546 3658 3639 4952
3231 3649 5485 3649 3644 4960
3255 3668 5476 3658 3738 4933
3297 3602 5551 3621 3663 4965
3264 3663 5494 3700 3733 4960
3278 3668 5490 3668 3686 4961
3297 3625 5499 3682 3672 4988
3217 3663 5518 3710 3644 4974
3269 3644 5499 3668 3658 4960
3231 3639 5466 3621 3649 4988
3241 3649 5494 3733 3705 4998
3250 3635 5527 3621 3705 4974
3245 3593 5457 3710 3658 4956
3245 3677 5480 3663 3691 4947
3297 3625 5499 3672 3672 4947
3260 3644 5485 3672 3710 4966
3269 3649 5537 3682 3700 4952
3250 3621 5504 3705 3607 4937
3231 3625 5490 3686 3649 4984
3269 3649 5504 3691 3691 4933
3283 3644 5466 3668 3677 4988
3274 3611 5457 3616 3663 5035
3283 3677 5494 3635 3583 5007
3241 3635 5494 3649 3719 4965
3227 3686 5452 3672 3616 5012
3292 3654 5480 3639 3668 4914
3292 3668 5518 3677 3625 4974
3288 3607 5508 3621 3663 4993
3269 3593 5494 3686 3700 4942
3264 3621 5518 3691 3639 4937
3250 3691 5447 3686 3658 4942
3260 3658 5457 3649 3677 4993
3269 3621 5532 3649 3658 4956
3255 3644 5485 3649 3663 4956
3227 3639 5518 3700 3700 4966
3297 3625 5476 3658 3705 4960
