3203 3428 5275 3541 3696 5092
3166 3405 5326 3555 3672 5115
3194 3377 5335 3518 3715 5012
3222 3438 5303 3461 3705 5040
3231 3353 5289 3541 3696 5078
3217 3382 5275 3513 3668 5087
3180 3414 5326 3560 3649 5063
3185 3382 5326 3579 3672 5059
3180 3410 5326 3546 3682 5087
3175 3391 5284 3513 3658 5087
3222 3382 5284 3583 3696 5059
3227 3405 5312 3555 3691 5101
3245 3400 5270 3499 3715 4984
3217 3428 5228 3503 3682 5082
3269 3410 5289 3527 3672 5106
3222 3372 5349 3541 3686 5054
3227 3400 5358 3541 3715 5120
3241 3382 5321 3532 3658 5031
3203 3442 5284 3513 3686 5054
3189 3414 5349 3541 3644 5026
3222 3386 5363 3522 3639 5031
3269 3396 5307 3532 3663 5101
3166 3396 5363 3550 3677 5078
3269 3377 5326 3550 3686 5073
3203 3391 5331 3560 3658 5106
3199 3457 5298 3527 3682 5054
3180 3372 5317 3508 3682 5049
3208 3452 5279 3503 3682 5101
3185 3396 5312 3513 3677 5012
3194 3480 5298 3574 3644 5040
3199 3414 5251 3564 3677 5040
3217 3372 5284 3536 3757 5078
3142 3396 5354 3536 3649 5035
3175 3400 5303 3513 3696 5092
3175 3396 5279 3536 3700 5059
3185 3330 5312 3508 3686 5068
3222 3428 5326 3499 3654 5110
3199 3391 5354 3513 3715 5021
3208 3428 5326 3513 3691 5021
3208 3433 5270 3508 3705 5106
3194 3428 5331 3550 3719 5063
3241 3400 5321 3527 3705 5073
3217 3405 5340 3518 3668 5087
3203 3428 5340 3518 3682 5026
3222 3386 5354 3550 3696 5031
3203 3414 5312 3527 3658 5078
3189 3475 5317 3527 3696 4998
3208 3386 5298 3564 3691 5110
3166 3447 5279 3564 3682 5045
3217 3396 5330 3564 3677 5059
