3489 3836 5218 3217 3353 5139
3513 3850 5195 3250 3349 5181
3480 3818 5237 3250 3349 5237
3536 3841 5237 3236 3339 5232
3471 3883 5289 3274 3330 5214
3489 3780 5260 3180 3391 5200
3480 3850 5284 3241 3344 5200
3513 3851 5237 3241 3386 5162
3480 3851 5260 3274 3391 5190
3480 3850 5256 3245 3377 5162
3485 3794 5237 3241 3339 5162
3494 3887 5223 3236 3302 5171
3489 3869 5260 3283 3325 5200
3461 3851 5223 3255 3321 5209
3508 3799 5260 3227 3344 5242
3522 3850 5171 3231 3335 5214
3480 3850 5223 3241 3297 5214
3480 3851 5218 3255 3405 5232
3457 3813 5256 3245 3367 5181
3485 3836 5246 3269 3400 5204
3499 3808 5251 3227 3344 5251
3499 3794 5246 3241 3363 5237
3499 3846 5260 3288 3325 5204
3480 3855 5265 3250 3358 5214
3513 3808 5275 3260 3311 5190
3499 3845 5275 3241 3311 5218
3466 3813 5260 3241 3353 5204
3485 3841 5214 3306 3302 5209
3494 3804 5293 3269 3349 5223
3466 3799 5279 3217 3316 5209
3480 3841 5293 3250 3292 5148
3475 3822 5260 3264 3325 5148
3508 3822 5195 3250 3349 5162
3461 3832 5246 3292 3363 5176
3494 3836 5214 3241 3311 5185
3508 3822 5251 3264 3353 5218
3485 3855 5232 3213 3311 5129
3494 3836 5275 3255 3344 5157
3513 3845 5218 3241 3311 5218
3518 3822 5275 3264 3367 5251
3471 3836 5289 3316 3358 5214
3503 3799 5284 3278 3339 5190
3499 3790 5214 3241 3367 5185
3503 3827 5209 3274 3297 5185
3503 3790 5256 3231 3353 5181
3499 3794 5279 3274 3353 5176
3494 3818 5246 3255 3321 5195
3499 3822 5293 3250 3339 5190
3489 3827 5279 3288 3367 5185
3513 3846 5289 3231 3316 5176
