3715 3658 4966 3236 3649 5462
3804 3668 4965 3231 3654 5499
3691 3700 4937 3236 3654 5518
3743 3663 4937 3241 3630 5438
3696 3724 4942 3250 3654 5504
3719 3654 4979 3222 3649 5485
3729 3611 4966 3274 3630 5499
3719 3710 5007 3274 3686 5490
3776 3710 4965 3250 3668 5504
3672 3630 4979 3236 3668 5499
3719 3724 5035 3283 3597 5485
3700 3700 4984 3213 3621 5471
3715 3644 5021 3269 3691 5508
3719 3696 4984 3203 3705 5499
3710 3682 4974 3264 3649 5523
3710 3635 4965 3269 3635 5508
3719 3677 4937 3269 3658 5499
3719 3668 4993 3213 3663 5551
3729 3691 5021 3245 3644 5504
3719 3658 4984 3222 3630 5494
3747 3663 4942 3255 3658 5518
3724 3691 5012 3231 3639 5485
3776 3677 4974 3227 3593 5518
3686 3677 4979 3222 3649 5476
3719 3686 4942 3236 3616 5532
3757 3635 5026 3250 3630 5466
3682 3677 4998 3236 3668 5494
3719 3668 4961 3245 3649 5537
3733 3677 4970 3250 3639 5565
3747 3658 4974 3264 3668 5499
3724 3705 4947 3269 3668 5508
3686 3658 4947 3278 3625 5494
3715 3710 4993 3227 3625 5438
3766 3696 4988 3222 3621 5508
3729 3611 5049 3264 3686 5499
3757 3672 4966 3245 3663 5523
3724 3677 4966 3283 3621 5523
3738 3696 4970 3302 3644 5513
3715 3639 4998 3245 3649 5523
3710 3686 4974 3255 3654 5462
3696 3672 5007 3278 3654 5560
3710 3658 4993 3269 3663 5476
3785 3654 4947 3245 3658 5452
3729 3663 4993 3236 3644 5565
3719 3649 4970 3231 3658 5527
3761 3668 4961 3222 3625 5485
3719 3668 4952 3274 3597 5527
3649 3649 4937 3255 3644 5476
3733 3686 4965 3245 3597 5443
3776 3686 5040 3236 3621 5508
