3536 3776 5162 3175 3447 5284
3546 3776 5110 3152 3438 5289
3513 3780 5124 3185 3419 5344
3579 3710 5162 3109 3461 5307
3541 3743 5115 3170 3433 5326
3532 3761 5153 3152 3405 5303
3546 3743 5129 3161 3433 5265
3564 3724 5082 3138 3494 5326
3522 3757 5120 3152 3503 5293
3522 3799 5115 3147 3414 5330
3560 3761 5120 3109 3489 5321
3597 3705 5148 3156 3503 5293
3630 3761 5115 3170 3447 5317
3625 3710 5171 3142 3438 5275
3630 3691 5129 3138 3499 5326
3583 3761 5148 3180 3489 5312
3583 3729 5195 3119 3494 5298
3630 3719 5195 3124 3447 5340
3550 3719 5195 3128 3424 5326
3621 3733 5143 3105 3480 5321
3555 3733 5096 3166 3424 5289
3616 3691 5106 3161 3532 5317
3503 3747 5167 3161 3457 5307
3541 3743 5171 3119 3489 5349
3579 3776 5092 3124 3508 5335
3522 3747 5134 3175 3457 5293
3522 3757 5129 3170 3424 5349
3546 3752 5129 3161 3485 5289
3569 3738 5087 3161 3475 5330
3555 3729 5134 3128 3452 5270
3536 3705 5134 3170 3438 5331
3602 3752 5115 3185 3442 5298
3564 3761 5115 3161 3442 5321
3555 3790 5078 3166 3499 5335
3625 3729 5124 3142 3466 5289
3588 3733 5087 3119 3405 5331
3588 3747 5134 3128 3480 5303
3588 3682 5157 3170 3503 5279
3649 3752 5078 3114 3457 5326
3597 3729 5078 3142 3499 5344
3588 3761 5124 3203 3480 5358
3546 3724 5124 3147 3480 5312
3536 3757 5087 3156 3457 5298
3560 3710 5143 3147 3494 5335
3541 3790 5110 3128 3494 5317
3579 3710 5101 3142 3536 5340
3597 3757 5143 3175 3442 5307
3597 3733 5134 3124 3532 5321
3546 3771 5120 3142 3461 5340
3564 3710 5176 3156 3433 5349
