3391 3794 5377 3597 3499 5017
3424 3743 5396 3550 3475 4993
3424 3827 5410 3574 3457 5021
3428 3780 5387 3597 3696 4965
3386 3832 5335 3564 3579 4966
3433 3729 5372 3564 3532 5012
3405 3747 5387 3532 3635 5063
3396 3776 5396 3550 3555 4961
3391 3771 5377 3555 3710 4998
3419 3757 5331 3574 3574 5035
3461 3808 5354 3564 3536 5040
3442 3785 5396 3560 3452 4993
3391 3743 5391 3593 3475 5003
3400 3672 5391 3560 3579 4984
3447 3771 5415 3583 3480 5073
3433 3715 5368 3569 3489 4988
3457 3771 5368 3560 3536 5068
3400 3752 5401 3550 3658 4970
3433 3761 5391 3550 3485 4952
3424 3710 5377 3574 3560 5073
3428 3752 5415 3536 3471 4970
3452 3785 5415 3541 3630 4974
3428 3752 5326 3569 3560 5021
3382 3738 5372 3550 3621 5017
3405 3738 5326 3555 3508 4993
3396 3804 5382 3564 3696 4974
3400 3747 5358 3555 3475 4988
3405 3771 5335 3569 3654 4993
3424 3747 5391 3532 3471 5045
3424 3761 5401 3560 3485 4966
3400 3738 5330 3588 3611 4988
3433 3724 5372 3532 3574 4961
3382 3804 5326 3574 3494 5040
3428 3747 5387 3513 3546 5012
3382 3715 5358 3536 3508 4988
3367 3719 5368 3569 3574 5040
3391 3761 5349 3564 3569 4988
3382 3776 5387 3555 3546 4960
3377 3776 5326 3593 3508 5026
3396 3738 5429 3546 3527 4988
3396 3771 5331 3532 3607 4974
3410 3752 5331 3579 3560 4984
3424 3757 5377 3518 3616 5007
3428 3799 5387 3588 3654 4988
3400 3808 5415 3564 3527 5017
3372 3710 5387 3579 3569 4984
3382 3757 5377 3579 3672 5035
3391 3790 5401 3546 3682 5007
3377 3799 5372 3593 3532 4960
3410 3743 5377 3579 3532 5007
