3255 3344 5204 3471 3780 5218
3274 3353 5148 3466 3794 5237
3250 3353 5190 3475 3813 5171
3255 3372 5242 3471 3794 5190
3306 3339 5181 3489 3790 5190
3311 3414 5157 3410 3836 5270
3288 3367 5157 3475 3780 5237
3241 3363 5214 3419 3813 5190
3278 3363 5242 3485 3804 5162
3274 3344 5124 3503 3845 5134
3274 3396 5167 3485 3873 5176
3292 3363 5181 3438 3845 5228
3264 3330 5153 3527 3845 5209
3269 3353 5246 3442 3780 5181
3260 3344 5148 3522 3799 5167
3306 3377 5190 3428 3818 5289
3250 3377 5157 3499 3790 5157
3250 3335 5153 3447 3855 5246
3283 3349 5228 3475 3790 5157
3269 3302 5223 3428 3827 5214
3274 3330 5195 3480 3780 5171
3283 3382 5153 3466 3813 5223
3269 3377 5181 3532 3799 5200
3269 3353 5209 3461 3808 5185
3260 3330 5171 3457 3818 5204
3170 3339 5200 3494 3785 5218
3241 3330 5185 3466 3832 5242
3264 3377 5185 3438 3813 5162
3264 3377 5185 3471 3822 5162
3274 3391 5209 3508 3785 5185
3260 3349 5167 3461 3808 5223
3269 3377 5237 3414 3827 5157
3260 3325 5232 3457 3846 5176
3269 3363 5185 3499 3845 5228
3292 3382 5218 3527 3836 5228
3283 3363 5218 3433 3776 5214
3260 3419 5153 3499 3780 5270
3274 3358 5162 3457 3827 5251
3255 3344 5237 3475 3845 5279
3264 3358 5171 3461 3841 5270
3236 3339 5200 3489 3813 5270
3274 3396 5124 3461 3827 5171
3316 3396 5129 3480 3836 5242
3283 3349 5171 3428 3850 5214
3288 3382 5162 3447 3822 5195
3278 3363 5181 3452 3794 5242
3302 3377 5265 3442 3818 5237
3288 3339 5148 3433 3799 5214
3241 3372 5204 3508 3780 5181
3325 3358 5129 3485 3794 5275
