3564 3827 5007 3335 3663 5358
3527 3873 5003 3335 3668 5344
3564 3897 5003 3349 3696 5331
3564 3822 4979 3349 3630 5358
3550 3836 5031 3353 3658 5387
3536 3845 4974 3396 3696 5335
3560 3878 5031 3358 3644 5340
3489 3790 4998 3363 3672 5284
3536 3855 5040 3344 3696 5387
3522 3832 5003 3339 3677 5340
3532 3827 4998 3325 3705 5349
3499 3799 5078 3339 3682 5312
3532 3799 4993 3363 3686 5246
3518 3841 4966 3386 3654 5335
3503 3878 5040 3325 3677 5368
3475 3878 5031 3344 3696 5415
3522 3827 5035 3339 3635 5312
3532 3902 5045 3400 3700 5331
3527 3906 5026 3330 3658 5344
3541 3836 5017 3311 3672 5331
3536 3808 5054 3377 3630 5340
3532 3836 5026 3372 3686 5368
3546 3836 4970 3377 3658 5321
3536 3818 5049 3358 3696 5349
3541 3813 5073 3382 3691 5372
3532 3832 5007 3349 3686 5349
3579 3845 5054 3344 3682 5363
3522 3827 4984 3339 3705 5340
3527 3845 5007 3377 3691 5340
3546 3836 5049 3372 3682 5391
3550 3841 5031 3330 3686 5349
3522 3846 5007 3391 3686 5289
3532 3836 4960 3382 3672 5335
3550 3766 4988 3382 3672 5335
3550 3832 5040 3330 3654 5335
3527 3790 5007 3410 3611 5340
3532 3822 5017 3339 3677 5330
3518 3841 5031 3344 3700 5270
3499 3832 5007 3325 3696 5354
3541 3832 5045 3391 3635 5330
3536 3859 5026 3339 3682 5382
3536 3818 5068 3358 3682 5326
3503 3827 5003 3363 3668 5335
3489 3846 5040 3377 3686 5372
3560 3822 5059 3358 3677 5331
3560 3832 5031 3367 3621 5415
3555 3845 5017 3297 3625 5340
3555 3776 5003 3339 3649 5326
3536 3850 4970 3382 3625 5358
3518 3878 5003 3339 3682 5335
