4680 1007 6202 4412 784 5846
4661 1040 6193 4445 803 5832
4619 1026 6188 4422 793 5818
4628 1026 6254 4454 793 5748
4651 1040 6296 4450 685 5865
4623 984 6197 4450 742 5823
4675 1007 6207 4454 793 5734
4642 984 6136 4450 793 5837
4689 1040 6164 4454 803 5795
4694 1059 6188 4422 746 5823
4717 1021 6230 4412 770 5795
4647 1064 6202 4487 751 5785
4670 1012 6305 4384 770 5748
4670 1026 6211 4483 751 5860
4651 1045 6183 4450 746 5856
4670 1017 6221 4417 779 5734
4689 1012 6197 4417 793 5729
4619 1007 6197 4464 798 5804
4670 1054 6197 4426 742 5780
4675 1031 6141 4407 765 5799
4651 1035 6235 4407 779 5790
4628 1012 6179 4454 775 5813
4647 1068 6193 4459 751 5809
4665 1049 6113 4412 751 5752
4661 1017 6211 4431 784 5884
4665 1026 6216 4501 728 5823
4675 1059 6216 4450 765 5738
4712 1064 6240 4440 751 5757
4684 1040 6188 4436 789 5846
4698 1021 6211 4417 746 5804
4684 979 6193 4464 803 5860
4656 1040 6282 4483 746 5790
4619 1035 6183 4445 775 5729
4642 1031 6179 4478 770 5837
4665 993 6272 4407 775 5771
4684 1026 6216 4407 760 5705
4689 1064 6286 4450 770 5762
4689 1045 6207 4426 803 5780
4675 993 6240 4454 765 5841
4637 988 6193 4426 732 5856
4656 1026 6216 4403 737 5809
4675 1049 6268 4403 770 5790
4656 1026 6169 4440 770 5738
4675 1007 6211 4473 798 5804
4689 1021 6230 4398 770 5809
4703 998 6122 4534 765 5785
4670 1026 6193 4445 760 5809
4651 1078 6272 4473 784 5846
4656 1012 6179 4445 779 5799
4665 998 6235 4431 765 5884
