4576 1026 6155 4759 897 5888
4623 1021 6122 4806 868 5823
4675 1059 6094 4787 836 5907
4661 1035 6080 4783 868 5823
4637 1054 6122 4811 882 5931
4656 1064 6113 4783 897 5832
4656 1049 6108 4806 873 5827
4600 1092 6141 4806 854 5827
4651 1054 6104 4783 859 5954
4600 1068 6113 4862 868 5795
4628 1082 6155 4778 836 5841
4614 1054 6113 4792 826 5846
4590 1054 6150 4806 836 5827
4708 1017 6122 4825 840 5940
4619 1049 6062 4801 845 5860
4600 1106 6202 4778 873 5780
4642 1120 6075 4820 854 5785
4698 1012 6020 4726 864 5795
4647 1031 6085 4797 836 5837
4628 1054 6113 4764 850 5832
4694 1101 6099 4759 831 5776
4642 1068 6146 4773 845 5776
4590 1035 6146 4783 850 5757
4675 1035 6048 4792 789 5818
4656 1054 6155 4759 784 5865
4614 1035 6024 4712 821 5790
4656 1045 6136 4839 854 5841
4628 1106 6099 4759 836 5846
4619 1064 6113 4783 840 5841
4703 1040 6122 4820 817 5851
4633 1068 6132 4759 793 5795
4619 1073 6034 4750 840 5874
4694 1101 6034 4783 836 5813
4665 1082 6094 4783 831 5912
4694 1082 6080 4783 840 5809
4604 1026 6015 4797 826 5865
4712 1106 6067 4740 812 5748
4628 1054 6132 4778 836 5785
4656 1003 6089 4806 812 5865
4628 1045 6113 4731 817 5818
4595 1021 6089 4787 831 5874
4675 1073 6104 4745 803 5724
4623 1082 6089 4759 831 5813
4628 1012 6132 4801 821 5856
4708 1031 6108 4787 770 5851
4586 1096 6076 4750 817 5790
4642 1096 6099 4783 840 5785
4590 1031 6122 4816 826 5832
4651 1007 6136 4806 845 5813
4665 1049 6029 4797 836 5917
