4680 960 6235 4379 1139 6244
4712 892 6207 4351 1181 6240
4726 887 6216 4473 1124 6225
4731 892 6277 4379 1143 6347
4698 906 6282 4398 1162 6263
4670 892 6258 4365 1162 6296
4675 909 6193 4431 1157 6258
4722 923 6202 4412 1139 6221
4661 821 6338 4445 1162 6268
4689 887 6263 4379 1204 6221
4665 920 6235 4384 1139 6254
4661 920 6254 4393 1115 6225
4712 899 6371 4398 1129 6244
4717 895 6277 4412 1167 6282
4656 904 6286 4436 1115 6211
4689 892 6315 4426 1157 6188
4623 911 6225 4389 1162 6244
4675 887 6263 4464 1171 6296
4708 932 6268 4445 1124 6202
4689 911 6249 4407 1200 6277
4689 918 6244 4375 1120 6240
4675 932 6197 4351 1181 6240
4717 915 6230 4417 1200 6291
4670 864 6155 4403 1176 6268
4689 906 6188 4398 1120 6286
4680 927 6216 4459 1148 6352
4703 895 6272 4393 1148 6235
4750 901 6216 4431 1120 6272
4740 915 6258 4440 1139 6235
4665 897 6211 4440 1162 6268
4773 906 6230 4403 1190 6249
4755 895 6221 4445 1190 6211
4712 901 6141 4393 1106 6301
4745 897 6230 4440 1167 6291
4684 897 6272 4412 1195 6272
4708 901 6207 4436 1157 6258
4670 897 6202 4407 1115 6202
4661 904 6174 4365 1195 6207
4689 901 6272 4407 1176 6268
4703 892 6258 4393 1120 6230
4694 873 6230 4403 1157 6216
4670 887 6286 4384 1157 6263
4689 913 6230 4407 1171 6254
4684 873 6211 4393 1124 6249
4698 904 6197 4436 1157 6258
4694 915 6221 4422 1171 6258
4642 915 6216 4398 1124 6343
4694 897 6254 4464 1153 6254
4619 899 6225 4403 1143 6183
4698 915 6254 4417 1176 6254
