4440 878 5841 4600 956 6169
4478 779 5837 4726 979 6221
4450 836 5785 4708 937 6188
4407 859 5851 4717 951 6113
4440 817 5813 4684 1007 6179
4464 770 5729 4736 960 6174
4473 817 5898 4731 984 6146
4422 803 5799 4633 1026 6183
4459 803 5860 4708 1040 6169
4422 873 5837 4736 918 6127
4436 728 5776 4609 1021 6164
4436 779 5888 4684 1045 6188
4417 756 5799 4661 974 6136
4450 728 5795 4642 946 6164
4431 789 5757 4623 1068 6141
4450 807 5785 4684 984 6216
4436 850 5827 4722 970 6160
4464 864 5860 4759 1012 6207
4426 836 5813 4759 1035 6136
4445 765 5846 4661 1003 6183
4431 878 5940 4680 1003 6179
4450 821 5799 4698 970 6136
4440 836 5832 4726 946 6169
4468 737 5827 4656 1007 6197
4459 793 5851 4642 974 6202
4445 831 5926 4680 1012 6211
4422 770 5729 4633 937 6221
4459 845 5757 4642 998 6136
4473 859 5799 4731 1021 6174
4422 798 5766 4656 993 6160
4478 784 5837 4689 923 6216
4464 775 5898 4604 1021 6183
4412 854 5785 4694 998 6221
4454 807 5813 4675 965 6132
4412 760 5827 4647 984 6150
4464 789 5851 4736 1035 6155
4464 807 5902 4698 1021 6197
4464 737 5795 4680 988 6230
4450 775 5856 4680 1003 6197
4422 756 5790 4651 1012 6141
4431 798 5785 4637 918 6136
4445 812 5785 4680 1026 6169
4450 803 5799 4670 1026 6122
4436 840 5832 4651 946 6132
4436 756 5776 4661 979 6258
4445 821 5841 4642 960 6164
4407 742 5795 4642 1040 6160
4445 746 5776 4661 993 6179
4431 779 5790 4675 923 6188
4445 765 5780 4665 998 6263
