4567 751 5813 4506 1059 6343
4609 728 5837 4534 1059 6277
4553 756 5795 4468 1068 6371
4562 723 5795 4450 1054 6315
4586 779 5813 4501 1082 6263
4572 798 5804 4525 1101 6183
4567 728 5823 4487 1068 6380
4558 756 5837 4497 1054 6333
4539 742 5804 4426 1045 6361
4558 746 5809 4468 1045 6240
4543 728 5818 4492 1026 6254
4576 751 5841 4403 1059 6371
4553 798 5888 4431 1082 6376
4586 789 5809 4506 1040 6249
4572 775 5776 4483 1035 6366
4600 732 5827 4450 1049 6394
4558 775 5846 4511 1049 6305
4604 728 5856 4473 1049 6305
4548 760 5823 4464 1031 6286
4558 784 5813 4483 1012 6319
4553 784 5813 4464 1068 6315
4558 775 5804 4525 1059 6296
4619 732 5818 4478 1068 6282
4609 760 5766 4473 1059 6305
4586 751 5870 4492 1031 6347
4548 760 5832 4539 1082 6305
4539 770 5856 4497 1035 6315
4572 798 5799 4515 1054 6240
4586 765 5832 4534 1120 6296
4586 775 5795 4440 1068 6305
4567 728 5813 4464 1040 6347
4539 760 5907 4459 1073 6277
4543 746 5813 4478 1049 6291
4558 728 5771 4407 1035 6361
4590 803 5799 4459 1087 6338
4581 746 5799 4450 1068 6272
4581 765 5780 4506 1064 6240
4576 770 5809 4454 1026 6380
4562 728 5785 4487 1068 6258
4548 789 5841 4473 1054 6310
4567 756 5846 4468 1045 6343
4558 737 5804 4501 1054 6272
4539 742 5790 4436 1040 6301
4576 798 5879 4497 1082 6343
4576 793 5780 4436 1068 6249
4553 756 5813 4436 1040 6324
4543 732 5738 4422 1054 6244
4534 728 5799 4497 1049 6249
4558 732 5799 4501 1031 6305
4572 760 5851 4511 1045 6319
