4581 1120 6286 4619 770 5752
4576 1106 6282 4543 756 5888
4581 1167 6268 4567 775 5856
4562 1101 6240 4553 873 5846
4529 1101 6141 4473 882 5771
4614 1106 6244 4558 737 5785
4478 1073 6272 4572 831 5818
4534 1082 6380 4567 765 5804
4562 1124 6305 4529 836 5752
4623 1082 6291 4525 798 5766
4576 1106 6310 4609 723 5766
4553 1110 6329 4553 746 5795
4543 1101 6197 4501 746 5790
4600 1148 6235 4581 803 5771
4534 1092 6329 4506 746 5799
4534 1054 6197 4572 775 5799
4548 1120 6301 4609 746 5762
4515 1068 6296 4506 873 5790
4567 1101 6291 4562 850 5809
4506 1082 6286 4525 840 5757
4553 1096 6315 4543 756 5762
4558 1068 6183 4483 789 5804
4572 1096 6244 4520 779 5804
4562 1115 6277 4450 821 5837
4501 1139 6319 4478 789 5771
4539 1106 6282 4548 723 5790
4548 1106 6235 4511 756 5780
4567 1096 6282 4520 765 5743
4567 1096 6291 4595 803 5827
4539 1101 6207 4576 746 5813
4534 1120 6277 4586 756 5729
4600 1064 6272 4487 821 5818
4572 1106 6197 4562 770 5795
4600 1124 6221 4572 756 5813
4576 1092 6225 4581 770 5766
4520 1129 6291 4548 784 5804
4515 1110 6249 4553 784 5785
4501 1110 6296 4487 793 5790
4543 1134 6333 4553 756 5860
4529 1106 6324 4539 737 5865
4543 1129 6282 4595 821 5780
4548 1054 6319 4515 737 5832
4539 1101 6347 4525 732 5818
4619 1078 6160 4548 789 5752
4543 1078 6301 4562 897 5780
4600 1106 6272 4515 728 5856
4567 1124 6235 4576 779 5762
4558 1139 6263 4590 812 5701
4539 1106 6263 4539 765 5766
4478 1078 6291 4534 859 5832
