4778 909 5968 4454 956 6010
4764 946 6034 4450 956 6164
4726 901 6010 4426 899 6108
4787 946 6038 4393 913 6141
4797 913 6048 4478 932 6071
4773 909 5898 4361 911 6024
4825 927 5968 4426 932 6104
4797 923 5935 4407 920 6141
4811 956 5963 4384 932 6104
4783 899 5977 4407 915 6067
4811 927 6053 4422 895 6150
4830 927 5935 4407 942 6108
4792 895 5921 4445 932 6118
4801 918 6006 4417 923 6048
4740 984 5977 4379 895 6067
4801 927 5888 4440 960 6150
4801 909 6020 4417 915 6075
4773 923 5935 4436 904 6071
4825 915 6001 4412 946 6076
4797 899 5982 4417 920 6122
4778 974 6006 4454 927 6113
4792 895 5977 4487 932 6104
4806 913 6024 4417 913 6089
4792 932 6034 4436 911 6089
4820 923 5945 4436 892 6113
4764 895 5996 4375 918 6080
4740 927 5945 4464 951 6089
4816 942 5949 4422 951 6136
4740 956 6024 4403 974 6085
4834 927 6043 4403 927 6104
4783 1007 5931 4450 946 6010
4750 913 5982 4426 909 6067
4801 932 5987 4436 932 6118
4806 887 5954 4426 923 6160
4783 942 5907 4398 895 6067
4755 906 5912 4436 960 6057
4783 909 5954 4454 895 6141
4834 937 6038 4412 937 6048
4773 899 5992 4407 909 6043
4858 904 5973 4478 923 6053
4759 913 5982 4445 960 6067
4801 984 5977 4422 899 6099
4783 882 6024 4459 942 6075
4816 911 5963 4389 895 6076
4848 915 6010 4422 937 6071
4801 897 5888 4407 895 6057
4783 932 6006 4407 923 6029
4759 927 5940 4487 897 6132
4769 911 5987 4445 942 6067
4773 899 5996 4459 946 6108
