4314 970 6080 4853 998 6034
4342 895 6067 4872 946 5992
4304 892 6053 4876 927 6062
4309 911 6076 4830 899 6024
4332 942 6076 4872 960 5926
4332 932 6099 4881 895 6015
4318 965 6089 4862 984 5898
4328 920 6089 4820 937 5977
4295 988 6127 4858 932 6633
4332 937 6089 4858 937 5921
4342 970 6067 4886 970 5940
4342 993 6048 4895 965 6600
4361 937 6048 4853 998 6024
4328 911 6104 4844 984 5992
4290 984 6067 4909 913 6572
4337 920 6076 4895 932 6661
4318 892 6057 4905 913 6661
4276 892 6080 4876 932 6053
4318 965 6053 4886 946 5935
4290 965 6071 4858 951 6043
4314 974 6108 4900 923 5917
4318 993 6076 4862 946 5935
4361 887 6057 4862 932 5860
4267 956 6075 4862 923 6020
4276 918 6141 4862 904 6638
4304 946 6067 4844 984 5987
4300 915 6113 4891 1017 6605
4309 946 6118 4844 923 6530
4318 882 6113 4909 960 5851
4314 899 6043 4848 1040 5968
4281 942 6141 4848 913 6071
4323 984 6122 4825 960 6038
4323 979 6038 4839 974 6053
4257 911 6118 4905 913 6572
4351 984 6113 4872 984 6488
4262 965 6057 4876 988 5959
4300 979 6071 4895 1007 6001
4295 1003 6080 4853 970 5982
4314 942 6043 4891 937 5945
4262 899 6038 4834 970 6577
4286 845 6034 4895 937 5945
4365 901 6113 4839 932 6628
4370 911 6071 4895 937 6020
4304 920 6150 4886 988 6001
4332 882 6067 4891 1012 7190
4356 868 6010 4886 946 6006
4314 873 6029 4891 937 5959
4304 909 6057 4895 942 5973
4318 1003 6043 4848 956 5940
4300 911 6071 4844 998 7162
