3264 1859 6628 3363 1574 6174
3278 1826 6628 3367 1545 6202
3283 1784 6675 3410 1592 6254
3292 1807 6628 3372 1527 6216
3231 1784 6680 3377 1588 6127
3292 1779 6675 3297 1616 6179
3278 1817 6694 3330 1564 6225
3274 1775 6605 3339 1624 6207
3283 1761 6727 3339 1592 6202
3250 1723 6628 3297 1588 6193
3288 1798 6713 3316 1643 6211
3316 1826 6647 3325 1498 6183
3330 1826 6722 3288 1611 6179
3274 1793 6666 3321 1531 6268
3269 1812 6680 3349 1588 6221
3311 1793 6689 3344 1578 6179
3278 1779 6694 3306 1592 6240
3283 1807 6661 3325 1550 6225
3264 1807 6713 3306 1578 6221
3306 1793 6684 3367 1498 6183
3321 1765 6656 3358 1588 6240
3302 1817 6647 3302 1574 6179
3311 1798 6783 3292 1602 6244
3330 1784 6666 3302 1616 6249
3292 1793 6666 3386 1550 6164
3321 1821 6642 3302 1574 6221
3367 1775 6661 3339 1564 6188
3321 1807 6717 3316 1503 6146
3278 1807 6661 3353 1541 6254
3363 1807 6684 3288 1574 6197
3330 1817 6605 3353 1550 6183
3278 1798 6680 3297 1522 6230
3344 1831 6684 3321 1555 6141
3288 1817 6699 3353 1541 6193
3278 1807 6652 3283 1517 6202
3363 1821 6670 3321 1564 6188
3302 1775 6745 3288 1536 6174
3302 1821 6717 3339 1588 6240
3269 1803 6638 3297 1475 6164
3283 1850 6713 3339 1555 6169
3255 1821 6656 3297 1559 6249
3302 1821 6699 3292 1536 6268
3325 1831 6633 3339 1592 6179
3311 1826 6670 3330 1583 6216
3292 1831 6689 3339 1574 6164
3288 1817 6661 3278 1550 6150
3288 1807 6670 3349 1541 6221
3269 1831 6727 3396 1555 6174
3274 1817 6680 3363 1550 6221
3377 1836 6661 3321 1578 6230
