3353 1597 6305 3306 1751 6642
3382 1588 6329 3311 1817 6633
3363 1578 6366 3227 1765 6661
3400 1574 6249 3283 1775 6628
3419 1583 6202 3269 1770 6713
3405 1602 6207 3217 1746 6666
3344 1625 6258 3264 1765 6647
3353 1611 6357 3274 1807 6675
3410 1592 6277 3278 1742 6652
3386 1616 6319 3321 1798 6694
3358 1541 6329 3250 1751 6619
3344 1611 6333 3302 1770 6713
3339 1592 6338 3231 1742 6699
3377 1569 6202 3255 1798 6661
3363 1592 6249 3250 1756 6670
3349 1592 6230 3311 1831 6661
3382 1583 6347 3306 1789 6652
3344 1597 6329 3231 1770 6656
3363 1620 6338 3311 1728 6661
3377 1588 6338 3260 1756 6703
3386 1606 6329 3297 1761 6642
3410 1574 6286 3264 1728 6675
3396 1602 6216 3250 1723 6652
3358 1606 6272 3231 1765 6694
3335 1620 6361 3250 1746 6684
3358 1574 6235 3231 1746 6624
3367 1620 6230 3250 1789 6694
3358 1569 6268 3316 1812 6624
3396 1541 6263 3292 1784 6703
3358 1606 6286 3330 1751 6708
3344 1588 6333 3302 1779 6628
3377 1602 6272 3297 1821 6713
3363 1602 6286 3264 1770 6736
3414 1588 6272 3264 1770 6745
3363 1569 6315 3330 1817 6642
3353 1606 6202 3260 1746 6605
3358 1616 6272 3274 1765 6600
3377 1583 6291 3278 1732 6619
3386 1606 6216 3278 1779 6656
3405 1588 6211 3250 1756 6624
3339 1597 6305 3297 1793 6684
3358 1583 6258 3302 1793 6722
3400 1574 6315 3321 1770 6619
3386 1620 6286 3292 1761 6656
3367 1588 6357 3306 1765 6628
3367 1602 6315 3255 1784 6624
3363 1592 6183 3264 1756 6661
3414 1588 6286 3283 1765 6699
3372 1620 6329 3227 1803 6647
3358 1592 6216 3245 1751 6628
