3339 2032 6516 3532 1588 6338
3325 1958 6572 3663 1574 6324
3311 1990 6506 3564 1578 6291
3344 2004 6609 3625 1639 6249
3311 1990 6577 3550 1545 6319
3330 1995 6539 3686 1624 6296
3274 1962 6600 3616 1475 6305
3306 2004 6548 3639 1559 6286
3316 1976 6633 3583 1620 6301
3353 1999 6520 3583 1592 6329
3278 1939 6567 3579 1555 6310
3278 2023 6619 3621 1592 6352
3274 1948 6567 3574 1592 6352
3274 1994 6619 3569 1531 6305
3274 1994 6553 3654 1536 6357
3306 1986 6652 3616 1564 6310
3292 1986 6628 3588 1541 6333
3250 1981 6600 3621 1545 6296
3335 1990 6591 3583 1559 6277
3349 1981 6567 3658 1550 6230
3274 1958 6525 3579 1569 6277
3274 2008 6638 3607 1564 6296
3274 2008 6567 3593 1541 6329
3358 1990 6577 3564 1513 6343
3302 2027 6567 3583 1527 6291
3321 1986 6548 3639 1522 6282
3250 2027 6506 3630 1555 6301
3297 2027 6595 3616 1545 6221
3283 2027 6525 3579 1541 6286
3292 1981 6581 3583 1517 6282
3292 1967 6530 3607 1569 6249
3349 1990 6520 3588 1574 6338
3316 2037 6539 3593 1550 6319
3288 2013 6544 3574 1545 6376
3297 1990 6600 3611 1527 6301
3330 1990 6548 3611 1588 6286
3292 1999 6614 3621 1592 6301
3339 1995 6534 3625 1564 6268
3288 2008 6534 3616 1555 6296
3260 1962 6591 3630 1569 6343
3260 2008 6577 3597 1508 6329
3306 2008 6614 3597 1536 6254
3297 2013 6586 3611 1513 6347
3278 1986 6534 3597 1531 6338
3325 1999 6520 3593 1564 6371
3339 1990 6539 3583 1559 6258
3344 1990 6638 3607 1503 6272
3292 1986 6614 3574 1541 6272
3321 1925 6488 3574 1592 6263
3264 1995 6638 3625 1574 6301
