3245 1737 6361 3419 1625 6633
3274 1714 6413 3391 1681 6563
3274 1761 6315 3414 1634 6558
3236 1761 6404 3414 1629 6591
3269 1728 6380 3396 1625 6548
3245 1695 6441 3419 1611 6567
3241 1751 6324 3405 1611 6628
3316 1751 6432 3400 1602 6502
3241 1709 6399 3452 1629 6595
3217 1732 6333 3457 1634 6581
3283 1714 6376 3461 1643 6642
3288 1728 6413 3457 1634 6577
3274 1765 6418 3447 1653 6595
3297 1775 6380 3447 1671 6628
3297 1709 6338 3391 1657 6534
3255 1700 6319 3391 1653 6567
3241 1714 6366 3433 1676 6624
3241 1718 6450 3410 1592 6581
3264 1746 6380 3410 1606 6591
3274 1761 6357 3433 1611 6567
3227 1709 6385 3382 1592 6647
3302 1751 6329 3396 1620 6567
3231 1695 6394 3386 1648 6638
3260 1770 6366 3382 1634 6577
3255 1728 6418 3475 1634 6553
3250 1718 6399 3358 1667 6591
3245 1723 6366 3400 1620 6563
3250 1732 6385 3442 1639 6614
3260 1756 6347 3419 1662 6605
3288 1737 6427 3400 1624 6577
3241 1789 6418 3428 1625 6605
3260 1746 6399 3414 1662 6619
3241 1756 6380 3400 1629 6624
3213 1718 6352 3428 1671 6553
3222 1742 6450 3428 1629 6605
3302 1695 6333 3471 1667 6581
3222 1728 6469 3400 1620 6609
3255 1732 6357 3410 1657 6572
3288 1756 6390 3410 1616 6563
3250 1728 6352 3386 1643 6534
3245 1695 6422 3410 1625 6600
3260 1728 6376 3471 1671 6591
3297 1718 6376 3471 1611 6614
3203 1742 6404 3466 1624 6586
3288 1714 6333 3396 1629 6619
3231 1676 6380 3372 1624 6572
3274 1789 6394 3457 1620 6572
3245 1728 6338 3410 1616 6628
3264 1714 6329 3471 1653 6558
3255 1709 6376 3433 1620 6563
