3527 1624 6404 3236 1906 6619
3555 1616 6357 3217 1901 6586
3546 1588 6333 3222 1948 6609
3593 1620 6352 3213 1958 6600
3560 1578 6338 3260 1920 6619
3593 1559 6413 3203 1882 6525
3602 1574 6361 3241 1948 6563
3574 1555 6315 3208 1953 6520
3593 1643 6315 3236 1897 6534
3588 1616 6319 3194 1925 6548
3602 1634 6338 3236 1929 6563
3593 1592 6343 3241 1915 6525
3579 1620 6310 3213 1929 6525
3583 1602 6338 3208 1948 6563
3560 1550 6301 3231 1906 6609
3616 1611 6319 3245 1953 6605
3550 1588 6394 3175 1901 6595
3550 1616 6329 3231 1953 6567
3532 1592 6361 3231 1920 6595
3625 1592 6277 3194 1939 6591
3555 1611 6385 3194 1892 6516
3555 1578 6329 3213 1962 6577
3611 1569 6343 3241 1943 6520
3588 1578 6333 3278 1925 6591
3550 1639 6305 3217 1925 6520
3574 1578 6385 3260 1911 6586
3583 1574 6347 3203 1906 6520
3569 1574 6305 3199 1934 6614
3560 1569 6310 3194 1868 6581
3569 1616 6329 3255 1850 6619
3593 1616 6315 3222 1939 6534
3550 1616 6333 3260 1911 6605
3616 1606 6319 3213 1892 6539
3602 1616 6352 3255 1906 6591
3555 1620 6343 3260 1873 6572
3550 1639 6329 3231 1934 6539
3597 1545 6361 3194 1878 6525
3569 1620 6329 3231 1962 6581
3616 1624 6315 3222 1892 6497
3569 1611 6357 3217 1850 6516
3588 1592 6352 3170 1920 6539
3583 1620 6357 3222 1943 6558
3616 1578 6338 3250 1939 6553
3611 1639 6301 3231 1873 6595
3593 1616 6357 3222 1892 6609
3564 1555 6310 3203 1892 6567
3597 1620 6301 3260 1845 6563
3550 1588 6319 3231 1906 6563
3574 1592 6361 3231 1911 6548
3593 1602 6399 3250 1854 6609
