3419 1925 6890 3503 1405 6282
3410 1967 6918 3550 1437 6249
3447 1906 6857 3569 1456 6277
3419 1911 7280 3471 1442 6216
3414 1906 6904 3518 1437 6305
3433 1882 6895 3560 1428 6249
3424 1892 6839 3527 1428 6249
3442 1943 6455 3536 1377 6202
3405 1906 6947 3508 1381 6225
3442 1906 6979 3527 1433 6202
3414 1897 6914 3527 1423 6263
3414 1934 6437 3564 1452 6240
3400 1925 6923 3550 1452 6277
3419 1939 6558 3546 1456 6221
3471 1939 6918 3536 1437 6249
3466 1962 6876 3508 1405 6221
3405 1920 6488 3518 1442 6230
3461 1882 6478 3569 1461 6333
3457 1901 6497 3555 1437 6235
3410 1906 6904 3503 1414 6286
3396 1915 6488 3503 1386 6207
3433 1929 6820 3503 1447 6277
3400 1967 6502 3489 1452 6263
3405 1911 6956 3499 1372 6310
3447 1892 6881 3480 1419 6319
3400 1911 6815 3485 1447 6291
3452 1915 6441 3522 1400 6164
3433 1887 6871 3513 1437 6249
3428 1906 6843 3475 1377 6230
3414 1897 6811 3471 1433 6277
3391 1887 6483 3541 1409 6240
3396 1929 6450 3513 1405 6263
3428 1882 6815 3522 1391 6225
3419 1920 6932 3489 1433 6291
3391 1882 6890 3522 1442 6254
3457 1915 6918 3546 1428 6202
3396 1911 6577 3485 1381 6291
3447 1943 6459 3527 1447 6258
3405 1925 6455 3489 1470 6291
3428 1939 6848 3489 1419 6193
3400 1948 6937 3499 1484 6263
3461 1887 6904 3532 1466 6291
3424 1925 6843 3555 1400 6277
3424 1906 6689 3499 1405 6240
3471 1911 6881 3550 1466 6211
3433 1906 6815 3494 1391 6277
3457 1958 6825 3489 1400 6272
3419 1925 6928 3527 1456 6235
3475 1953 6666 3494 1437 6268
3419 1915 6488 3513 1423 6282
