3489 1667 6563 3189 1718 6366
3513 1714 6591 3194 1700 6329
3447 1685 6572 3138 1723 6296
3428 1611 6591 3208 1704 6254
3424 1653 6600 3199 1704 6324
3424 1671 6628 3194 1728 6291
3410 1648 6567 3199 1732 6422
3400 1667 6567 3189 1700 6338
3442 1624 6553 3241 1704 6352
3428 1629 6548 3175 1685 6329
3405 1657 6553 3199 1704 6385
3428 1639 6605 3213 1700 6324
3391 1704 6572 3199 1718 6432
3405 1624 6567 3231 1704 6310
3400 1709 6591 3203 1714 6361
3419 1704 6563 3241 1775 6347
3428 1616 6544 3217 1751 6324
3410 1695 6567 3213 1728 6343
3466 1606 6581 3217 1685 6319
3419 1685 6548 3189 1742 6408
3410 1662 6577 3203 1709 6286
3424 1611 6567 3222 1737 6422
3410 1657 6572 3199 1723 6347
3442 1685 6581 3227 1737 6310
3442 1624 6520 3241 1728 6324
3414 1639 6572 3241 1690 6357
3428 1620 6548 3241 1714 6338
3438 1662 6520 3217 1714 6352
3424 1662 6534 3222 1714 6310
3414 1620 6577 3194 1714 6399
3419 1671 6548 3227 1685 6338
3424 1606 6544 3222 1728 6315
3442 1704 6539 3255 1695 6371
3447 1611 6563 3255 1728 6432
3419 1662 6544 3241 1704 6333
3461 1685 6502 3227 1751 6347
3405 1667 6572 3278 1718 6296
3414 1667 6558 3236 1676 6455
3457 1643 6511 3185 1667 6301
3475 1588 6534 3260 1704 6385
3433 1611 6600 3236 1671 6329
3396 1653 6544 3194 1732 6347
3438 1639 6548 3217 1737 6343
3428 1624 6600 3217 1728 6324
3452 1620 6488 3250 1700 6301
3419 1671 6502 3199 1671 6352
3424 1616 6516 3208 1737 6366
3457 1634 6516 3175 1685 6268
3438 1657 6539 3194 1700 6385
3438 1616 6558 3231 1695 6301
