3480 1405 6258 3391 1882 6624
3546 1437 6258 3372 1878 6647
3541 1433 6301 3400 1897 6591
3527 1452 6272 3344 1901 6656
3555 1470 6286 3391 1821 6680
3527 1513 6258 3391 1897 6666
3513 1484 6244 3363 1882 6624
3489 1456 6235 3382 1868 6609
3527 1475 6235 3391 1892 6661
3480 1447 6254 3396 1892 6666
3532 1503 6207 3396 1854 6624
3527 1470 6291 3339 1925 6595
3555 1470 6272 3400 1868 6638
3522 1489 6230 3297 1845 6609
3522 1466 6244 3363 1906 6628
3522 1484 6216 3405 1845 6647
3536 1484 6258 3349 1859 6600
3503 1475 6258 3344 1897 6708
3522 1456 6254 3382 1878 6638
3503 1452 6211 3414 1864 6675
3513 1494 6254 3344 1901 6666
3560 1475 6268 3428 1878 6652
3522 1475 6221 3377 1897 6656
3532 1452 6286 3321 1911 6638
3485 1466 6268 3358 1915 6642
3518 1494 6216 3363 1873 6647
3489 1470 6207 3358 1826 6642
3485 1466 6301 3382 1911 6642
3503 1498 6301 3382 1929 6609
3508 1475 6254 3349 1878 6684
3508 1480 6301 3396 1873 6642
3522 1494 6216 3358 1934 6647
3508 1489 6258 3335 1868 6628
3522 1498 6230 3391 1887 6689
3536 1466 6282 3391 1873 6605
3499 1489 6310 3396 1864 6624
3480 1452 6286 3325 1859 6642
3485 1447 6268 3372 1868 6614
3541 1461 6305 3363 1892 6614
3541 1489 6319 3339 1854 6666
3532 1475 6268 3367 1915 6572
3532 1489 6207 3363 1911 6609
3522 1494 6211 3396 1897 6633
3508 1503 6310 3396 1929 6661
3466 1405 6277 3428 1887 6638
3485 1484 6207 3339 1850 6586
3518 1503 6301 3339 1868 6638
3522 1470 6301 3353 1859 6647
3499 1456 6240 3377 1864 6699
3518 1494 6324 3358 1892 6661
