2908 2224 5996 2890 2173 6408
2955 2191 6001 2876 2191 6315
2932 2154 6024 2866 2210 6413
2937 2196 5992 2885 2252 6333
2974 2234 6010 2862 2196 6422
2983 2154 6034 2904 2173 6446
2965 2220 6020 2824 2191 6329
2904 2201 6015 2880 2187 6301
2918 2196 5987 2852 2201 6376
2941 2173 6071 2862 2163 6366
2913 2154 6020 2838 2159 6366
2969 2187 6048 2885 2220 6380
2894 2215 6043 2885 2182 6357
2899 2154 5973 2824 2177 6371
2937 2191 5973 2852 2191 6399
2880 2182 5982 2843 2187 6366
2965 2140 6053 2885 2205 6446
2932 2168 5992 2838 2177 6413
2904 2159 5992 2866 2196 6343
2918 2187 6010 2819 2196 6408
2960 2144 6043 2904 2187 6418
2932 2229 6067 2833 2210 6376
2899 2229 6006 2862 2205 6347
2904 2191 5996 2843 2182 6366
2904 2163 5968 2876 2201 6376
2876 2220 6034 2843 2168 6376
2951 2168 6015 2899 2182 6315
2941 2205 6071 2876 2210 6357
2951 2177 6006 2838 2191 6385
2922 2173 5977 2810 2205 6263
2908 2154 6053 2847 2229 6408
2885 2224 6076 2843 2224 6418
2904 2220 6015 2904 2220 6329
2899 2220 6034 2890 2191 6376
2946 2224 6001 2880 2168 6394
2955 2196 6001 2805 2163 6380
2951 2187 6043 2819 2173 6432
2922 2163 6067 2876 2201 6357
2969 2243 6015 2927 2201 6404
2894 2220 6006 2862 2168 6385
2974 2224 6043 2819 2201 6357
2922 2201 6057 2852 2196 6366
2904 2182 6043 2880 2191 6404
2927 2177 6043 2791 2220 6390
2913 2144 6057 2871 2182 6338
2937 2173 6076 2847 2201 6404
2918 2201 6001 2866 2205 6376
2937 2177 6015 2866 2187 6418
2965 2201 6071 2819 2182 6361
2937 2201 6043 2852 2159 6333
