2768 2501 6286 2983 1967 6094
2796 2567 6343 2955 1990 6071
2758 2543 6305 3007 1986 6053
2791 2548 6366 2998 2013 6043
2801 2529 6319 3030 1958 6067
2782 2557 6286 3021 1994 6034
2791 2548 6305 3021 2027 6244
2801 2492 6315 3002 1976 5977
2768 2548 6230 2998 1967 6067
2833 2529 6338 2969 1958 6076
2796 2567 6315 2969 1976 6080
2810 2538 6357 2974 1953 6127
2796 2496 6301 2969 2004 6048
2772 2515 6244 2993 1967 6155
2796 2538 6347 3002 1972 6024
2805 2506 6338 2969 1994 6067
2796 2529 6315 3012 1967 6141
2801 2492 6399 3030 1967 6122
2763 2534 6305 2974 2004 6020
2833 2529 6296 3002 1976 6085
2782 2520 6324 3012 1999 6080
2782 2529 6357 2983 1990 6071
2815 2515 6249 2965 1990 6080
2740 2515 6305 2998 1986 6057
2810 2501 6258 2979 1948 6057
2829 2543 6343 2974 2018 6043
2772 2538 6310 3049 1995 6132
2754 2548 6305 2993 1994 6127
2786 2524 6319 2955 1976 6043
2768 2529 6277 2983 1995 6085
2801 2520 6230 2979 1995 6038
2833 2548 6296 3026 2018 6094
2791 2534 6272 2965 1972 6127
2726 2548 6338 2993 1934 6015
2810 2524 6263 3007 1990 6118
2786 2529 6347 3026 1962 6071
2777 2553 6277 2965 1958 6071
2768 2529 6361 2979 1943 6089
2791 2562 6343 3026 1995 6062
2796 2534 6319 2988 1972 6053
2768 2553 6301 2969 1967 6076
2744 2567 6343 2993 1925 6089
2754 2534 6315 2946 1990 6174
2815 2515 6343 3007 1953 6062
2763 2520 6347 2951 1995 6067
2786 2510 6268 3002 1981 6067
2763 2553 6249 3026 1986 6075
2782 2529 6286 3002 1967 6038
2782 2501 6371 3007 2018 6057
2758 2562 6357 3002 1976 6006
