2885 2079 6272 3264 2341 6132
2885 2065 6305 3040 2299 6197
2899 2013 6305 3241 2356 6164
2852 2013 6244 3217 2313 6150
2857 2065 6272 2918 2281 6108
2824 2018 6211 3208 2351 6240
2880 2055 6272 3142 2346 6174
2852 2088 6291 3887 2271 6104
2852 2084 6230 3522 2276 6122
2852 2074 6263 2890 2309 6155
2880 2027 6240 2852 2323 6141
2899 2046 6225 2824 2341 6179
2913 2069 6305 3494 2327 6132
2894 2065 6221 3916 2309 6230
2843 2051 6244 3269 2332 6164
2847 2046 6324 3864 2370 6244
2904 2112 6258 3231 2351 6169
2922 2041 6258 3902 2271 6164
2847 2008 6301 3447 2332 6169
2890 2088 6221 3503 2327 6179
2922 2008 6324 2852 2318 6150
2922 2032 6277 3845 2327 6094
2932 2051 6249 3569 2290 6136
2894 2041 6310 3213 2351 6188
2913 2046 6286 2913 2346 6211
2890 2055 6258 3503 2309 6099
2937 2027 6254 3546 2318 6150
2922 2023 6277 3902 2304 6099
2843 2032 6268 3920 2313 6136
2894 2060 6361 3859 2341 6174
2904 2032 6296 3241 2295 6118
2894 2008 6216 3274 2295 6174
2866 2060 6282 3231 2262 6150
2941 2008 6207 3166 2295 6127
2922 2023 6207 3616 2356 6183
2932 2074 6225 3245 2309 6071
2913 2060 6225 3855 2295 6094
2866 2037 6193 3639 2285 6188
2899 2074 6225 2782 2337 6127
2866 2065 6310 3569 2309 6164
2843 2032 6263 2520 2281 6207
2899 2004 6244 3489 2309 6089
2960 2060 6305 3546 2304 6108
2904 2032 6240 3208 2318 6183
2932 2032 6235 3911 2337 6118
2833 2074 6263 3902 2318 6132
2899 1990 6216 2829 2304 6155
2890 2065 6324 3236 2281 6150
2852 2008 6301 3203 2309 6136
2847 2069 6291 3227 2313 6160
