3101 2107 6071 2665 2346 6548
3049 2084 6043 2637 2341 6473
3035 2023 6141 2642 2351 6558
3058 2051 6057 2618 2337 6502
3026 2088 6099 2614 2388 6530
3073 2065 6113 2646 2337 6558
3063 2084 6085 2684 2356 6492
3063 2041 6034 2646 2337 6473
3026 2051 6136 2623 2393 6473
3077 2107 6104 2642 2393 6497
3073 2116 6076 2632 2323 6488
3035 2055 6076 2656 2388 6511
3021 2018 6132 2651 2356 6544
3035 2051 6122 2651 2332 6539
3082 2060 6122 2632 2337 6478
3016 2041 6155 2665 2332 6473
3073 2074 6071 2660 2318 6511
3058 2037 6141 2646 2313 6502
3016 2102 6075 2642 2323 6511
3068 2102 6071 2614 2365 6502
3040 2102 6080 2618 2327 6478
3030 2060 6080 2651 2374 6473
3044 2098 6094 2628 2374 6459
3012 2074 6108 2595 2407 6478
3026 2116 6108 2660 2370 6488
3035 2069 6067 2670 2370 6544
3073 2102 6104 2628 2351 6469
3073 2098 6104 2595 2388 6539
3026 2107 6062 2599 2356 6534
3035 2065 6048 2660 2360 6427
3058 2046 6071 2614 2398 6488
3054 2088 6085 2646 2388 6548
3068 2088 6155 2614 2365 6567
3049 2084 6053 2651 2318 6441
3044 2107 6067 2660 2360 6488
3002 2098 6071 2618 2384 6473
3058 2088 6113 2637 2412 6558
3063 2102 6099 2595 2356 6483
3091 2107 6160 2660 2379 6511
3087 2088 6076 2637 2341 6567
3063 2093 6108 2651 2360 6478
3030 2084 5992 2660 2412 6492
2993 2055 6071 2651 2304 6530
3044 2051 6071 2632 2360 6502
3054 2074 6099 2651 2327 6520
3012 2046 6118 2637 2341 6511
3035 2084 6075 2637 2393 6548
3044 2084 6062 2632 2337 6511
3040 2084 6150 2656 2374 6492
3007 2093 6076 2604 2360 6469
