2904 1995 6141 2726 2520 6455
2993 2027 6141 2670 2524 6418
2955 2046 6080 2721 2524 6441
2932 2013 6197 2698 2524 6464
2951 1994 6053 2599 2529 6376
2993 2079 6179 2744 2520 6450
2937 2004 6089 2599 2459 6422
2927 2037 6099 2782 2492 6450
2927 2023 6113 2740 2520 6380
2969 2018 6038 2637 2520 6366
2922 2018 6094 2684 2463 6464
2951 1994 6076 2651 2581 6404
2969 2013 6076 2763 2543 6404
2922 2032 6067 2703 2496 6427
2937 2055 6141 2632 2567 6376
2937 2041 6099 2689 2520 6446
2941 1999 6113 2660 2487 6380
2922 2004 6164 2632 2538 6441
2988 1999 6127 2712 2478 6385
2932 2041 6099 2642 2468 6455
2941 2008 6104 2660 2562 6437
2951 2027 6155 2693 2454 6437
2908 1990 6174 2623 2478 6418
2937 2004 6075 2660 2524 6432
2908 2018 6094 2679 2501 6445
2899 2027 6122 2763 2440 6404
2913 2004 6136 2665 2496 6418
2932 1994 6104 2726 2492 6394
2951 2065 6146 2675 2534 6380
2937 2041 6108 2637 2501 6413
2918 2060 6169 2675 2548 6399
2965 2069 6108 2628 2478 6371
2922 2037 6108 2599 2492 6376
2941 2018 6174 2646 2510 6450
3002 1999 6108 2712 2548 6324
2890 2013 6118 2689 2553 6455
2932 2008 6113 2703 2524 6450
2922 2027 6136 2618 2510 6445
2932 1999 6094 2670 2506 6385
2946 2013 6113 2656 2515 6399
2937 2046 6104 2665 2538 6399
2918 2051 6132 2740 2473 6446
2918 2008 6067 2679 2510 6413
2974 2046 6127 2665 2585 6399
2927 2079 6104 2660 2506 6329
2960 1990 6094 2689 2515 6441
2918 2018 6160 2670 2562 6408
2922 2037 6089 2824 2534 6399
2974 2008 6122 2749 2506 6390
2908 1981 6132 2585 2478 6310
