2918 2201 6371 2862 2121 5973
2922 2220 6390 2904 2126 6038
2908 2173 6399 2890 2187 5982
2913 2159 6371 2890 2144 5917
2871 2163 6455 2894 2159 6024
2918 2201 6329 2894 2130 5921
2918 2210 6446 2965 2144 5902
2890 2159 6408 2904 2144 5968
2927 2182 6310 2871 2140 5987
2866 2252 6418 2894 2112 6006
2894 2173 6376 2932 2107 5963
2946 2187 6427 2899 2098 5992
2904 2168 6352 2927 2112 6024
2927 2177 6357 2899 2098 5931
2941 2173 6361 2852 2107 5963
2918 2177 6394 2847 2126 6006
2918 2210 6329 2880 2149 5987
2937 2252 6394 2899 2074 5926
2937 2173 6427 2899 2135 5968
2894 2210 6399 2871 2126 5963
2904 2215 6286 2946 2121 5959
2904 2234 6380 2927 2126 5968
2913 2187 6371 2904 2116 5949
2927 2201 6357 2932 2121 5945
2960 2229 6446 2885 2135 5954
2932 2191 6422 2866 2140 5968
2927 2149 6390 2894 2140 5949
2960 2234 6380 2885 2088 5931
2922 2182 6437 2876 2126 5963
2932 2201 6413 2913 2130 5931
2918 2168 6437 2871 2196 5949
2932 2248 6380 2908 2163 5921
2908 2238 6343 2932 2102 5940
2932 2191 6376 2927 2130 5959
2876 2215 6385 2876 2098 5940
2913 2149 6390 2932 2149 5959
2937 2220 6399 2876 2135 5917
2951 2187 6347 2922 2098 5949
2960 2220 6427 2862 2112 6006
2918 2135 6376 2894 2121 5931
2937 2252 6427 2880 2102 5949
2918 2238 6413 2857 2140 5884
2951 2234 6357 2857 2135 6024
2918 2191 6422 2876 2168 6006
2965 2168 6408 2871 2135 5968
2885 2191 6333 2894 2093 5954
2932 2224 6394 2927 2126 5963
2876 2238 6357 2908 2074 5917
2899 2159 6432 2960 2135 5902
2908 2144 6361 2937 2140 5926
