2801 2341 6169 2866 2093 6249
2810 2271 6104 2833 2084 6263
2843 2346 6211 2847 2069 6357
2791 2402 6197 2862 2088 6272
2810 2257 6118 2880 2079 6272
2768 2337 6160 2838 2069 6319
2801 2304 6127 2871 2102 6254
2791 2299 6211 2862 2055 6268
2801 2295 6164 2833 2060 6230
2772 2318 6179 2805 2055 6193
2829 2341 6155 2782 2069 6296
2852 2309 6132 2847 2074 6291
2815 2309 6118 2843 2069 6277
2772 2309 6146 2871 2051 6305
2852 2332 6155 2833 2055 6235
2833 2304 6174 2824 2055 6291
2829 2370 6164 2852 2046 6240
2833 2299 6146 2824 2018 6291
2847 2370 6183 2857 2046 6216
2782 2295 6244 2838 2055 6277
2819 2356 6179 2815 2041 6272
2819 2309 6174 2824 2074 6244
2815 2299 6164 2819 2051 6277
2815 2271 6211 2829 2027 6258
2810 2313 6146 2810 2055 6282
2805 2323 6141 2847 2037 6211
2833 2337 6150 2885 2051 6258
2791 2276 6211 2824 2065 6183
2805 2313 6174 2824 2051 6244
2805 2332 6174 2838 2046 6254
2796 2337 6179 2796 2041 6301
2791 2323 6169 2871 2027 6263
2772 2346 6155 2796 2032 6249
2819 2356 6235 2843 2032 6240
2833 2285 6244 2871 2074 6291
2819 2337 6174 2871 2084 6249
2796 2304 6174 2829 2074 6282
2819 2341 6174 2890 2069 6254
2838 2313 6150 2862 2074 6291
2791 2318 6160 2862 2060 6282
2857 2309 6160 2843 2051 6301
2838 2351 6174 2857 2074 6202
2796 2318 6183 2833 2060 6305
2810 2374 6183 2805 2037 6305
2801 2360 6150 2857 2041 6249
2801 2271 6169 2838 2079 6254
2801 2276 6164 2871 2084 6277
2829 2285 6193 2857 2079 6254
2772 2295 6169 2857 2088 6310
2777 2318 6160 2852 2055 6235
