2679 2332 6694 2960 2032 6048
2642 2327 6638 2974 2060 6067
2632 2341 6680 2885 2037 6075
2632 2304 6694 2862 2046 6099
2675 2290 6713 2974 2004 5954
2651 2318 6666 2922 2032 6057
2679 2337 6713 3002 1995 6067
2651 2346 6624 2969 2004 6048
2670 2304 6656 2960 2037 6071
2689 2309 6694 2946 2037 6029
2670 2295 6722 2960 1994 6043
2684 2313 6647 3012 2013 6071
2689 2356 6684 2932 2060 6015
2735 2299 6731 2955 2027 6062
2665 2285 6750 2979 2018 6080
2665 2351 6642 2946 2032 6067
2689 2304 6708 2979 2060 6015
2689 2309 6750 2965 2065 6108
2656 2323 6689 2904 2041 6034
2656 2299 6666 2941 2008 6085
2684 2327 6694 2918 2051 6057
2637 2341 6731 2955 2013 5987
2665 2313 6675 2927 2037 6038
2632 2370 6670 2955 2032 5992
2656 2337 6689 2974 2013 6020
2703 2318 6689 2955 1990 6053
2651 2285 6689 2974 2023 6076
2628 2271 6694 2965 2046 6067
2651 2346 6750 2946 2046 6015
2703 2299 6670 2941 2027 6038
2717 2313 6731 2960 2023 6076
2665 2304 6717 3012 2041 6067
2665 2299 6694 2937 2008 6048
2651 2332 6736 2974 2013 6038
2675 2309 6689 2932 1994 6067
2670 2276 6708 2965 2041 6089
2717 2318 6731 2965 2018 6089
2646 2346 6699 2951 2008 6080
2656 2299 6731 2913 1995 6075
2670 2337 6694 2941 2027 6067
2684 2327 6760 2988 2037 6104
2623 2281 6703 2951 2004 6034
2679 2313 6764 2922 2004 6075
2698 2290 6731 2965 1999 6067
2628 2323 6694 2937 2060 6020
2651 2299 6736 2979 2023 6076
2693 2337 6717 2941 1986 6043
2675 2299 6764 2969 2023 6048
2684 2337 6684 2988 2046 6034
2698 2346 6694 2941 1990 6075
