2585 2796 6057 2571 3199 6277
2665 2758 6024 2515 3213 6291
2614 2829 6062 2492 3199 6315
2628 2838 6080 2515 3208 6310
2675 2824 6029 2524 3203 6315
2660 2810 6062 2515 3213 6296
2609 2801 6108 2463 3194 6338
2623 2810 6067 2496 3213 6272
2675 2782 6099 2473 3170 6188
2623 2838 6001 2492 3222 6254
2675 2763 6071 2524 3208 6286
2642 2763 6034 2463 3199 6254
2599 2810 6062 2463 3185 6310
2623 2782 6038 2534 3255 6268
2670 2782 6075 2487 3185 6258
2604 2786 6071 2468 3260 6361
2651 2833 6067 2473 3185 6277
2623 2796 6067 2515 3245 6268
2679 2796 6057 2496 3222 6277
2656 2786 6020 2496 3199 6310
2637 2791 6053 2492 3175 6310
2684 2810 6043 2506 3161 6310
2628 2758 6085 2496 3217 6296
2660 2777 6015 2496 3194 6286
2646 2871 6043 2496 3222 6319
2632 2796 6057 2482 3231 6258
2609 2833 6062 2501 3185 6319
2637 2815 6034 2520 3203 6343
2642 2843 6089 2492 3222 6315
2595 2819 6071 2487 3180 6291
2670 2852 6062 2496 3185 6272
2656 2866 6062 2506 3189 6282
2656 2758 6024 2501 3180 6268
2660 2768 6062 2510 3166 6286
2618 2829 6048 2496 3156 6319
2623 2819 6062 2482 3213 6263
2670 2801 6062 2506 3203 6254
2670 2805 6057 2482 3189 6305
2623 2805 6048 2501 3189 6258
2632 2777 6057 2487 3241 6296
2642 2824 6080 2515 3203 6272
2642 2815 6043 2492 3203 6347
2656 2791 6071 2501 3194 6221
2637 2772 6029 2520 3222 6268
2632 2838 6113 2496 3175 6258
2726 2810 6020 2524 3189 6333
2665 2819 6038 2534 3217 6301
2637 2815 6122 2473 3185 6301
2632 2801 6057 2506 3241 6291
2637 2829 6094 2520 3194 6286
