2510 3241 6272 2585 2735 5827
2529 3175 6286 2529 2791 5954
2524 3217 6258 2557 2805 6080
2515 3175 6263 2548 2735 6053
2520 3227 6282 2562 2763 6015
2468 3255 6244 2562 2758 5982
2501 3213 6324 2590 2772 6001
2506 3241 6235 2571 2754 6001
2478 3222 6277 2538 2726 6038
2473 3203 6272 2557 2698 6062
2520 3241 6291 2581 2740 5982
2506 3245 6230 2529 2712 5987
2510 3199 6272 2529 2740 5973
2538 3245 6315 2534 2731 5992
2501 3203 6211 2571 2749 5992
2543 3250 6249 2557 2726 5977
2534 3236 6286 2553 2763 6067
2506 3241 6305 2524 2758 6010
2524 3199 6333 2529 2782 6034
2506 3199 6235 2553 2735 6053
2510 3203 6296 2562 2735 6006
2529 3255 6272 2543 2754 5945
2482 3260 6343 2562 2768 5968
2515 3217 6211 2538 2763 6029
2515 3194 6296 2520 2782 5996
2520 3208 6319 2553 2744 5992
2520 3255 6347 2538 2731 5963
2529 3213 6244 2562 2740 5977
2492 3199 6291 2557 2740 5949
2496 3213 6272 2567 2744 6071
2534 3260 6319 2562 2763 5992
2501 3245 6225 2567 2735 5987
2496 3241 6235 2543 2744 6048
2534 3241 6249 2562 2731 6006
2506 3278 6244 2557 2707 6001
2501 3217 6291 2538 2749 5926
2506 3278 6225 2581 2740 5996
2496 3260 6263 2571 2749 5945
2515 3170 6305 2538 2740 5921
2482 3199 6235 2571 2744 5992
2534 3189 6343 2538 2754 5992
2529 3208 6286 2543 2740 6006
2510 3194 6282 2534 2735 6001
2534 3217 6338 2553 2744 5992
2548 3166 6343 2543 2740 6053
2515 3245 6235 2553 2744 6006
2515 3208 6268 2553 2754 5935
2515 3203 6333 2567 2735 5987
2515 3213 6254 2553 2768 5996
2529 3245 6263 2557 2707 5945
