2862 2932 5926 2642 3185 6385
2880 2955 5893 2581 3147 6427
2871 2918 5865 2595 3189 6445
2852 2876 5963 2548 3166 6418
2829 2965 5917 2614 3161 6352
2890 2913 5921 2651 3175 6404
2824 2983 5898 2576 3245 6394
2847 2979 5902 2567 3208 6390
2838 2951 5870 2604 3166 6446
2866 2969 5893 2585 3156 6422
2885 2908 5884 2590 3109 6347
2885 2988 5902 2614 3152 6437
2871 2969 5945 2567 3189 6394
2824 2918 5926 2562 3138 6310
2843 2932 5893 2585 3180 6437
2852 2998 5949 2567 3166 6408
2852 3007 5912 2557 3236 6418
2899 2918 5917 2585 3156 6422
2847 2876 5973 2576 3147 6352
2894 2937 5870 2585 3203 6329
2862 2965 5874 2567 3180 6404
2852 2946 5888 2562 3156 6437
2857 2927 5935 2557 3185 6427
2847 2908 5921 2571 3152 6376
2847 2969 5968 2557 3203 6399
2847 2937 5921 2618 3217 6408
2857 2937 5940 2571 3175 6422
2866 2904 5954 2604 3217 6376
2866 2983 5935 2585 3213 6413
2871 2894 5888 2557 3175 6408
2866 2932 5898 2637 3166 6404
2890 2927 5870 2609 3147 6418
2880 2960 5860 2623 3142 6422
2857 2918 5940 2614 3147 6437
2838 2965 5917 2571 3161 6357
2866 2932 5931 2576 3199 6371
2857 2927 5912 2623 3217 6422
2880 2946 5921 2595 3175 6408
2847 2880 5921 2604 3199 6404
2899 2904 5902 2571 3138 6357
2862 2927 5921 2618 3166 6371
2862 2890 5945 2553 3208 6390
2847 2913 5921 2609 3199 6390
2908 2932 5879 2604 3133 6343
2847 2951 5917 2567 3208 6380
2847 2894 5902 2543 3166 6399
2922 2983 5893 2623 3194 6399
2866 3002 5907 2623 3194 6371
2847 2918 5898 2562 3119 6413
2885 2918 5945 2595 3166 6399
