2660 3199 6094 2890 2843 6127
2689 3152 6071 2684 2824 6122
2562 3180 6113 2838 2777 6169
2576 3194 6146 2824 2824 6136
2628 3166 6104 2876 2815 6169
2698 3194 6136 2829 2847 6193
2707 3152 6122 2871 2829 6160
2772 3180 6089 2862 2833 6183
2721 3199 6108 2824 2815 6193
2726 3166 6067 2857 2857 6164
2656 3194 6085 2862 2838 6179
2656 3199 6127 2829 2847 6136
2642 3142 6164 2876 2829 6202
2721 3142 6141 2847 2824 6164
2628 3185 6076 2838 2824 6146
2717 3208 6113 2871 2847 6183
2637 3175 6020 2866 2786 6179
2675 3147 6043 2908 2862 6155
2604 3199 6076 2829 2819 6122
2632 3180 6062 2833 2833 6193
2637 3199 6053 2857 2833 6183
2665 3147 6094 2866 2833 6164
2651 3231 6094 2838 2786 6169
2632 3156 6104 2862 2819 6183
2614 3152 6118 2876 2815 6155
2614 3175 6057 2857 2829 6085
2651 3203 6048 2843 2880 6193
2599 3142 6057 2819 2843 6155
2618 3222 6089 2838 2810 6136
2651 3180 6071 2843 2838 6193
2660 3175 6113 2847 2791 6160
2679 3138 6048 2843 2805 6132
2618 3194 6085 2843 2801 6122
2614 3161 6048 2866 2819 6164
2632 3217 6099 2866 2833 6183
2538 3199 6089 2885 2857 6071
2754 3185 6038 2843 2838 6183
2632 3175 6076 2890 2815 6132
2562 3170 6075 2866 2833 6122
2609 3203 6071 2843 2815 6146
2581 3185 6094 2857 2796 6179
2623 3156 6075 2894 2824 6183
2665 3124 6062 2857 2815 6155
2604 3166 6113 2908 2833 6146
2468 3203 6113 2838 2857 6202
2637 3217 6080 2880 2838 6136
2623 3124 6132 2833 2829 6164
2651 3199 6136 2876 2829 6127
2548 3227 6099 2847 2852 6193
2656 3194 6075 2852 2838 6197
