2885 2754 6085 2717 3138 6071
2894 2796 6094 2628 3101 6038
2918 2852 6146 2740 3073 6085
2960 2805 6094 2614 3100 6146
2941 2782 6113 2698 3100 6080
2951 2801 6071 2698 3109 6053
2604 2885 6108 2703 3091 6071
2927 2763 6089 2693 3161 6127
2941 2772 6160 2712 3091 6150
2922 2801 6122 2754 3105 6113
2927 2744 6099 2689 3156 6113
2988 2763 6104 2721 3082 6150
2918 2824 6146 2651 3114 6108
2707 2843 6104 2717 3128 6089
2927 2824 6122 2703 3087 6043
2628 2796 6094 2693 3054 6136
2927 2805 6146 2670 3114 6043
2904 2777 6132 2660 3128 6043
2651 2819 6141 2642 3105 6108
2908 2847 6076 2693 3138 6076
2632 2829 6118 2707 3114 6057
2623 2801 6094 2712 3105 6029
2707 2829 6146 2703 3138 6099
2871 2777 6146 2665 3175 6122
2871 2819 6155 2675 3087 6085
2946 2819 6113 2717 3124 6043
2951 2796 6094 2698 3105 6075
2927 2801 6127 2726 3119 6164
2646 2801 6146 2740 3124 6053
2908 2810 6122 2665 3096 6071
2937 2754 6160 2684 3087 6001
2731 2833 6118 2712 3091 6099
2899 2805 6179 2684 3091 6132
2894 2763 6132 2703 3156 6076
2885 2847 6113 2675 3152 6053
2913 2768 6174 2642 3138 6094
2946 2768 6132 2693 3091 6071
2932 2824 6085 2689 3082 6155
2904 2819 6155 2670 3133 6038
2679 2786 6118 2693 3138 6062
2880 2810 6127 2684 3105 6057
2922 2819 6141 2712 3105 6136
2937 2791 6179 2693 3114 6053
2932 2758 6127 2689 3073 6071
2908 2801 6122 2656 3096 6038
2618 2824 6132 2689 3128 6080
2894 2796 6146 2670 3101 6029
2894 2763 6122 2670 3128 6089
2604 2782 6160 2684 3096 6034
2937 2857 6150 2707 3166 6080
