2524 2951 6286 2965 3012 5888
2529 2979 6268 2843 2937 5907
2478 2951 6333 2880 2890 5874
2482 3054 6324 2876 3012 5949
2543 2965 6282 2829 3002 5902
2576 2979 6315 2843 3002 5884
2520 2922 6286 2815 2974 5917
2543 2988 6286 2894 2932 5879
2548 3002 6301 2833 2969 5907
2515 2974 6263 2918 2974 5870
2548 3021 6305 2857 2955 5879
2520 2993 6301 2838 3016 5982
2520 2983 6291 2866 2983 5893
2543 2988 6277 2876 3012 5851
2496 3002 6263 2796 2941 5898
2538 3002 6333 2810 2932 5921
2524 3002 6343 2857 2955 5926
2534 2983 6310 2862 2955 5865
2529 2974 6301 2805 2983 5902
2529 2969 6291 2824 3016 5879
2538 2983 6296 2833 2983 5926
2534 3007 6343 2852 2974 5959
2553 2993 6268 2876 2937 5898
2520 2993 6315 2852 2974 5884
2534 2993 6329 2876 2960 5931
2520 2965 6329 2829 3026 5940
2543 2918 6315 2876 2998 5902
2538 2988 6301 2876 3007 5879
2543 3030 6277 2796 2927 5837
2520 2965 6235 2904 2965 5902
2553 2983 6296 2777 2993 5902
2510 2927 6390 2801 3021 5898
2538 2951 6296 2824 2969 5865
2553 2932 6286 2805 2965 5912
2543 2965 6286 2796 3035 5888
2567 3030 6305 2862 2993 5912
2524 2979 6315 2843 2960 5888
2538 3030 6385 2843 2974 5912
2538 3026 6282 2796 2908 5846
2534 3007 6225 2904 2941 5888
2534 3007 6329 2852 3012 5921
2543 2993 6258 2829 3026 5884
2548 2960 6272 2871 2983 5898
2515 3026 6286 2880 2993 5874
2515 3002 6319 2918 2941 5959
2510 2979 6282 2913 2983 5884
2482 2988 6282 2810 2932 5879
2529 2951 6282 2815 3007 5860
2492 2988 6263 2819 3016 5870
2562 2983 6286 2838 3012 5870
