2628 3142 6455 2791 2913 5874
2656 3142 6432 2880 2904 5945
2599 3170 6385 2829 2960 5973
2660 3142 6441 2894 2927 5959
2604 3133 6469 2801 2904 5963
2585 3170 6441 2843 2955 5898
2623 3133 6488 2829 2937 5931
2604 3170 6441 2829 2932 5902
2632 3124 6413 2843 2932 5912
2604 3147 6455 2829 2937 5888
2623 3175 6445 2829 2927 5893
2623 3203 6455 2885 2960 5898
2604 3166 6394 2852 2955 5874
2618 3161 6488 2847 2922 5921
2660 3128 6432 2885 2946 5874
2614 3105 6437 2862 2913 5893
2637 3156 6432 2838 2927 5893
2604 3175 6450 2871 2918 5851
2628 3166 6418 2791 2927 5917
2665 3156 6445 2847 2918 5851
2628 3161 6422 2852 2904 5907
2628 3156 6469 2843 2932 5907
2637 3142 6469 2843 2955 5870
2646 3142 6441 2786 2927 5907
2623 3166 6473 2857 2890 5879
2642 3138 6376 2843 2922 5917
2632 3152 6385 2852 2908 5931
2618 3189 6506 2847 2946 5902
2614 3180 6469 2871 2918 5917
2623 3166 6464 2843 2894 5841
2609 3152 6347 2852 2908 5917
2604 3175 6469 2899 2913 5898
2590 3161 6445 2819 2932 5931
2646 3166 6427 2829 2908 5888
2642 3166 6422 2843 2922 5860
2642 3189 6408 2843 2922 5870
2604 3199 6473 2824 2899 5926
2632 3166 6469 2843 2951 5879
2656 3175 6441 2824 2941 5874
2651 3199 6366 2852 2918 5888
2618 3170 6399 2829 2918 5860
2614 3185 6380 2829 2927 5860
2628 3185 6469 2805 2955 5865
2604 3185 6422 2862 2941 5893
2614 3166 6483 2833 2941 5888
2623 3175 6441 2880 2922 5940
2614 3166 6478 2829 2937 5926
2628 3138 6445 2857 2922 5888
2632 3166 6464 2805 2922 5865
2618 3194 6422 2838 2908 5898
