2786 2937 5963 2529 2955 6301
2744 3026 6029 2567 2946 6240
2772 3016 5945 2548 2979 6282
2758 3012 5968 2524 2946 6296
2772 2969 5977 2534 2993 6319
2782 2960 5968 2510 3007 6347
2731 3012 6006 2529 2974 6286
2801 2955 5973 2520 2960 6310
2810 2965 5968 2520 2979 6324
2791 3007 5968 2506 2951 6329
2782 2983 6010 2510 2955 6333
2791 2983 6043 2557 2988 6277
2786 3012 5973 2510 2965 6357
2796 3030 5987 2529 2946 6291
2731 3002 6020 2529 2937 6310
2782 2965 5987 2543 3002 6301
2786 2955 5963 2543 2946 6249
2763 3049 5917 2543 2951 6310
2791 2979 5935 2515 2927 6258
2815 2965 6001 2534 2979 6319
2763 2998 6006 2534 2974 6286
2772 2969 5954 2548 2922 6258
2758 2965 5982 2543 2937 6277
2824 2979 5931 2529 2927 6319
2810 2922 5992 2515 2955 6315
2786 3012 6010 2557 2965 6333
2754 3030 5912 2548 2951 6277
2838 2922 5982 2548 2969 6305
2768 2960 5959 2543 2974 6277
2782 2998 5992 2515 2988 6357
2786 2941 5982 2548 2951 6282
2791 2955 5973 2538 2941 6296
2796 2955 5959 2548 2951 6296
2772 3030 5977 2553 2955 6221
2838 2983 6015 2534 2965 6329
2786 2998 5921 2529 2979 6319
2758 2932 5992 2529 2969 6286
2758 2974 5968 2524 2951 6352
2786 2974 6029 2524 2946 6315
2815 2988 5945 2515 2918 6343
2763 3021 5982 2557 2946 6296
2763 2979 6015 2534 2993 6310
2838 2988 5977 2548 2965 6268
2740 2993 5968 2529 2998 6240
2815 2960 6010 2538 2965 6324
2768 3030 5917 2543 2941 6305
2735 2941 5977 2529 3002 6305
2758 2979 6029 2576 2979 6324
2810 3007 5963 2538 2922 6319
2740 2941 5963 2534 2969 6319
