2501 3785 6338 2805 3911 6038
2501 3776 6338 2815 3864 6071
2515 3836 6324 2815 3920 6010
2538 3761 6240 2801 3887 6038
2534 3780 6333 2819 3864 6076
2487 3743 6333 2810 3794 6048
2463 3776 6272 2796 3799 6075
2543 3794 6357 2768 3851 6038
2534 3752 6333 2810 3845 6071
2510 3785 6286 2791 3873 6057
2496 3766 6385 2824 3841 6038
2510 3813 6310 2838 3851 6067
2534 3771 6352 2838 3845 6085
2506 3808 6343 2801 3897 6034
2501 3757 6343 2772 3864 6038
2454 3776 6352 2782 3776 6071
2553 3776 6324 2824 3808 6038
2520 3776 6310 2810 3883 6053
2515 3776 6366 2801 3836 6062
2440 3776 6366 2796 3813 6122
2463 3761 6361 2796 3818 6071
2510 3799 6324 2824 3878 6080
2510 3794 6329 2791 3845 5996
2468 3729 6338 2805 3883 6071
2520 3766 6324 2796 3925 6071
2482 3832 6343 2815 3883 6053
2529 3771 6329 2847 3822 6071
2515 3804 6277 2796 3873 6062
2496 3776 6305 2796 3887 6160
2524 3776 6399 2805 3873 6057
2548 3757 6291 2824 3799 6080
2501 3794 6371 2786 3859 6020
2492 3818 6338 2805 3878 6053
2492 3804 6352 2796 3822 6108
2492 3799 6324 2796 3841 6043
2529 3780 6366 2838 3846 6075
2501 3780 6296 2819 3859 6094
2482 3780 6310 2801 3818 6053
2496 3785 6333 2801 3851 6080
2515 3799 6315 2805 3818 6080
2487 3780 6338 2819 3855 6038
2492 3799 6338 2824 3818 6034
2482 3766 6310 2838 3841 6075
2478 3785 6319 2772 3841 6076
2478 3780 6305 2819 3906 6080
2482 3794 6301 2819 3878 6071
2520 3766 6329 2796 3887 6020
2492 3794 6357 2810 3771 6048
2520 3790 6333 2796 3873 6080
2510 3776 6333 2786 3832 6053
