2721 3962 6446 2838 3776 5945
2735 3953 6464 2838 3771 5935
2731 3986 6446 2833 3757 5917
2735 3986 6455 2838 3790 5931
2679 3953 6497 2819 3804 5898
2712 3939 6450 2847 3808 5879
2726 3962 6441 2833 3776 5902
2726 3977 6464 2824 3813 5902
2698 3911 6394 2829 3794 5912
2693 3995 6464 2857 3799 5931
2707 3972 6492 2847 3818 5907
2712 3920 6464 2815 3757 5884
2712 4023 6441 2852 3785 5888
2684 3981 6441 2866 3761 5888
2740 3995 6473 2838 3794 5902
2726 3995 6408 2871 3776 5917
2726 3977 6437 2833 3785 5917
2698 3991 6441 2833 3799 5898
2735 3953 6366 2843 3776 5902
2721 3986 6446 2880 3841 5959
2744 4000 6455 2852 3790 5902
2735 3930 6464 2815 3813 5912
2740 3967 6437 2838 3757 5926
2735 3991 6427 2824 3794 5902
2703 3967 6473 2857 3804 5879
2740 4000 6422 2843 3747 5898
2735 3991 6445 2852 3827 5893
2735 3930 6432 2833 3771 5926
2698 3953 6446 2838 3761 5912
2717 3944 6399 2833 3757 5931
2740 3962 6483 2862 3761 5935
2698 3962 6437 2824 3776 5940
2772 3991 6408 2857 3785 5954
2740 3977 6497 2843 3757 5921
2689 3995 6445 2843 3776 5931
2717 3986 6418 2847 3766 5963
2726 3948 6408 2829 3790 5926
2731 3981 6455 2908 3790 5963
2689 3953 6445 2857 3776 5931
2740 3972 6404 2838 3790 5968
2703 3981 6432 2801 3771 5902
2740 3958 6413 2847 3780 5940
2740 3967 6432 2871 3794 5921
2698 3977 6441 2796 3799 5907
2735 4014 6446 2838 3780 5898
2721 3986 6376 2852 3799 5898
2726 3977 6413 2862 3794 5874
2717 3958 6441 2824 3813 5945
2731 3977 6450 2829 3771 5884
2693 3934 6511 2871 3771 5931
