3170 3733 5992 2693 3986 6282
3180 3766 5959 2731 4009 6310
3208 3747 6006 2749 4019 6305
3175 3719 6029 2712 4023 6277
3170 3696 6001 2712 3995 6305
3161 3794 5959 2707 4014 6296
3175 3776 6029 2726 4009 6296
3180 3766 5963 2726 4094 6258
3161 3710 6006 2763 4033 6333
3161 3738 6020 2744 4038 6338
3152 3710 6006 2731 3972 6277
3203 3738 6006 2758 4052 6324
3189 3780 5931 2707 4005 6361
3189 3710 6001 2735 4038 6310
3152 3738 5954 2758 4042 6286
3180 3790 5992 2782 4038 6324
3152 3790 5954 2758 4070 6305
3189 3785 5940 2721 4061 6338
3189 3747 6048 2744 4014 6333
3203 3743 6020 2740 4009 6282
3166 3785 6006 2735 4038 6296
3189 3719 6010 2735 4038 6296
3161 3686 5973 2731 4005 6310
3189 3757 5996 2749 4014 6315
3194 3808 6043 2763 4019 6352
3156 3700 6006 2726 4033 6333
3185 3733 6020 2754 4028 6324
3175 3780 5959 2721 4061 6357
3124 3785 6024 2740 4047 6343
2824 3715 5902 2721 4047 6338
3185 3776 5973 2712 4038 6343
3166 3752 5954 2693 4033 6333
3156 3794 5959 2731 4009 6333
3208 3757 5992 2763 4080 6385
3138 3771 6057 2717 4047 6333
3161 3757 6043 2740 4038 6366
3161 3761 5973 2721 4033 6310
3147 3757 5977 2712 4009 6338
3156 3780 6062 2721 4038 6324
3189 3752 5977 2703 4056 6357
3166 3804 5982 2712 4023 6347
3166 3771 5987 2703 4019 6324
3199 3752 5963 2712 4005 6333
3194 3710 6053 2731 4052 6324
3152 3771 6001 2735 4056 6333
3175 3757 5949 2712 4038 6404
3170 3747 5982 2707 4033 6315
3189 3724 5945 2675 3995 6310
3199 3761 5963 2684 4028 6319
3175 3761 5949 2735 4014 6329
