2796 4117 6296 3068 3649 5917
2726 4136 6258 3091 3649 5982
2689 4117 6305 3063 3658 5996
2689 4117 6343 3040 3686 5940
2735 4117 6343 3105 3630 5987
2740 4094 6343 3054 3644 5982
2707 4108 6333 3096 3621 5954
2740 4131 6319 3063 3639 5949
2754 4108 6268 3054 3616 5987
2707 4150 6338 3105 3630 5982
2693 4075 6376 3058 3621 5940
2731 4127 6268 3073 3639 5987
2693 4117 6343 3087 3677 5977
2632 4136 6319 3091 3639 5921
2726 4108 6291 3068 3630 5959
2786 4089 6319 3082 3658 6006
2726 4103 6291 3035 3635 5982
2703 4103 6258 3109 3630 5954
2698 4131 6329 3077 3616 5977
2731 4080 6301 3091 3593 5996
2693 4113 6268 3087 3611 5954
2679 4070 6357 3105 3597 5987
2712 4117 6282 3058 3597 5954
2721 4066 6357 3109 3644 6001
2684 4122 6286 3035 3635 5963
2707 4084 6319 3087 3597 5926
2721 4080 6352 3058 3621 6001
2707 4103 6310 3096 3583 5968
2763 4108 6277 3087 3625 5973
2707 4084 6385 3035 3602 6020
2703 4117 6324 3091 3658 5987
2703 4127 6357 3096 3630 5992
2744 4080 6291 3073 3588 5945
2721 4117 6324 3087 3649 6001
2721 4164 6338 3030 3654 5992
2740 4113 6324 3087 3607 5977
2707 4117 6291 3100 3649 5968
2689 4080 6357 3096 3593 5973
2693 4155 6338 3105 3644 5982
2717 4113 6296 3087 3635 5968
2721 4061 6427 3040 3611 6001
2721 4094 6249 3101 3621 5987
2679 4084 6282 3058 3616 5931
2758 4061 6291 3077 3621 5977
2693 4136 6357 3077 3611 5963
2703 4099 6343 3040 3611 5973
2726 4099 6291 3109 3621 5963
2703 4122 6361 3063 3663 5977
2707 4150 6277 3054 3630 6015
2731 4084 6301 3073 3677 6043
