2712 4042 6240 2852 3649 6155
2740 4033 6211 2843 3691 6071
2796 4019 6155 2693 3639 6179
2777 4047 6169 2899 3663 6113
2810 4005 6193 2871 3611 6160
2819 3991 6136 2843 3677 6164
2777 4052 6174 2843 3700 6108
2768 4084 6202 2946 3639 6146
2772 4019 6207 2810 3663 6127
2735 3981 6221 2852 3696 6193
2763 4094 6216 2890 3621 6150
2735 4089 6211 2871 3696 6164
2772 4094 6211 2862 3696 6160
2717 4014 6188 2838 3625 6160
2772 4084 6216 2894 3672 6155
2768 3981 6221 2791 3668 6155
2810 4052 6240 2843 3654 6141
2754 4052 6202 2927 3682 6127
2791 4042 6216 2918 3602 6160
2791 4019 6272 2894 3682 6122
2740 4042 6188 2847 3658 6118
2777 4005 6225 2824 3672 6164
2791 4042 6211 2890 3630 6108
2735 4066 6207 2852 3677 6183
2744 4000 6207 2847 3686 6169
2768 4028 6207 2824 3677 6132
2758 4038 6197 2904 3691 6174
2815 4005 6188 2810 3672 6146
2749 4014 6230 2852 3700 6113
2777 4038 6221 2857 3663 6127
2782 4019 6221 2833 3677 6122
2782 4052 6221 2852 3663 6108
2758 4038 6202 2918 3644 6085
2777 4014 6202 2951 3658 6104
2749 4066 6202 2899 3663 6164
2782 4056 6202 2927 3658 6136
2763 4056 6127 2796 3644 6179
2735 3967 6155 2885 3663 6141
2782 4047 6174 2852 3649 6155
2749 4033 6202 2843 3602 6150
2735 3958 6169 2890 3672 6136
2740 4038 6174 2801 3691 6150
2754 4075 6202 2833 3700 6146
2791 4028 6225 2852 3635 6136
2810 4056 6188 2866 3644 6169
2805 4061 6211 2885 3672 6122
2763 4056 6179 2890 3654 6071
2768 4019 6188 2894 3700 6183
2805 4108 6207 2890 3663 6141
2810 4061 6244 2862 3649 6164
