2894 3588 6155 2585 3986 6076
2857 3602 6099 2670 3967 6150
2871 3602 6099 2595 4014 6071
2890 3607 6108 2670 3991 6136
2852 3602 6136 2651 4019 6169
2852 3649 6113 2660 3958 6136
2871 3639 6108 2679 3962 6113
2908 3682 6113 2614 3972 6207
2852 3616 6043 2684 4033 6122
2890 3616 6076 2581 4033 6150
2866 3621 6193 2576 3981 6150
2899 3644 6067 2637 4009 6160
2866 3672 6089 2684 4033 6127
2880 3668 6071 2637 4019 6160
2885 3607 6075 2656 4038 6169
2913 3621 6089 2632 4009 6080
2894 3654 6122 2665 3977 6132
2871 3625 6085 2646 4014 6160
2847 3639 6164 2637 4000 6179
2908 3597 6136 2642 4005 6136
2913 3625 6164 2614 3981 6179
2866 3588 6108 2675 3977 6136
2857 3621 6155 2590 3995 6169
2890 3607 6141 2595 3977 6108
2876 3644 6146 2632 3962 6113
2880 3635 6057 2609 4033 6141
2922 3649 6094 2618 3986 6132
2866 3588 6132 2651 4033 6085
2904 3625 6132 2609 4052 6104
2871 3644 6146 2628 4061 6155
2890 3630 6118 2623 4075 6108
2885 3593 6132 2604 4000 6197
2894 3625 6099 2646 4033 6099
2894 3639 6085 2651 4005 6127
2852 3639 6127 2689 3995 6146
2880 3625 6118 2735 3977 6132
2908 3597 6141 2642 4028 6179
2843 3658 6057 2656 4014 6183
2852 3663 6071 2665 3977 6127
2857 3602 6132 2632 3991 6057
2894 3621 6118 2675 4000 6108
2847 3625 6122 2665 3995 6122
2899 3602 6164 2675 3991 6155
2866 3625 6132 2656 4000 6146
2913 3668 6122 2689 3991 6136
2885 3611 6160 2660 3991 6160
2833 3677 6146 2618 4028 6113
2866 3668 6113 2646 4019 6183
2857 3639 6127 2689 3995 6150
2904 3639 6118 2604 4014 6136
