2904 3859 6057 2435 3761 6315
2969 3846 6053 2370 3780 6333
2937 3845 6067 2459 3761 6357
2983 3851 6034 2421 3761 6371
2932 3906 6057 2454 3761 6291
2932 3916 6080 2356 3743 6338
2927 3827 6043 2370 3766 6319
2913 3864 6062 2388 3733 6286
2918 3832 6038 2398 3799 6301
2922 3864 6071 2374 3785 6329
2932 3855 6080 2365 3752 6329
2951 3864 5996 2341 3813 6310
2922 3897 6043 2379 3715 6301
2885 3827 6076 2421 3785 6263
2913 3916 6010 2384 3776 6347
2904 3869 6006 2388 3771 6347
2908 3902 6085 2384 3757 6315
2899 3859 6001 2341 3761 6361
2894 3855 6010 2370 3785 6333
2871 3906 6104 2388 3776 6361
2974 3883 6067 2431 3757 6329
2899 3855 6038 2360 3794 6366
2955 3859 6015 2360 3785 6333
2941 3869 6085 2407 3724 6347
2913 3859 6075 2379 3743 6319
2993 3869 6010 2388 3794 6338
2913 3864 6038 2426 3794 6296
2932 3841 6071 2426 3743 6390
2946 3906 5982 2370 3790 6319
2904 3846 6015 2341 3752 6286
2974 3911 6015 2370 3785 6376
2918 3892 6057 2360 3733 6319
2941 3761 6071 2398 3808 6319
2918 3864 6015 2351 3785 6361
2904 3873 6053 2384 3761 6329
2932 3855 6076 2384 3761 6352
2866 3855 6024 2379 3724 6347
2885 3851 6053 2356 3790 6347
2899 3855 6071 2388 3743 6329
2918 3836 6071 2370 3757 6324
2885 3934 6043 2384 3761 6347
2937 3873 6062 2365 3780 6315
2960 3897 6067 2388 3776 6319
2918 3902 5996 2431 3766 6319
2927 3897 6043 2393 3766 6333
2885 3916 6034 2360 3799 6315
2885 3869 6024 2426 3729 6371
2904 3920 6029 2431 3780 6338
2913 3873 5968 2379 3757 6361
2922 3850 6015 2374 3752 6310
