3012 3794 5879 2623 3958 6437
2979 3757 5884 2698 3986 6437
3016 3808 5851 2665 3972 6432
2988 3832 5898 2632 3953 6399
3021 3776 5884 2632 3962 6418
2955 3738 5841 2675 3962 6473
3035 3785 5884 2628 3972 6445
2974 3804 5874 2632 4033 6394
2988 3790 5917 2660 3962 6418
2983 3761 5870 2670 4005 6413
3007 3771 5870 2590 3995 6427
2988 3799 5949 2642 3962 6399
3002 3780 5917 2656 3944 6446
2946 3799 5888 2623 3977 6437
3030 3799 5851 2632 3972 6413
2969 3780 5874 2618 3981 6432
2979 3790 5846 2595 4014 6408
3002 3771 5902 2693 3958 6404
3002 3808 5870 2604 3953 6432
2979 3785 5860 2670 3972 6427
2955 3804 5921 2618 3948 6432
2988 3794 5846 2632 4009 6437
3007 3836 5940 2656 4000 6432
3016 3757 5907 2618 3972 6408
3002 3785 5846 2632 3981 6376
2969 3766 5865 2604 3986 6427
2979 3790 5870 2651 4005 6446
2993 3776 5888 2679 4009 6390
3002 3804 5851 2571 3967 6390
2993 3808 5870 2646 4000 6441
2965 3776 5846 2604 3930 6404
2983 3771 5879 2637 3986 6399
2974 3850 5851 2637 4000 6450
2988 3785 5917 2684 3986 6437
2988 3804 5917 2642 3981 6413
2974 3790 5888 2660 3995 6437
2960 3808 5856 2623 3920 6445
2983 3785 5884 2609 3967 6413
3012 3822 5870 2628 3962 6371
3021 3799 5874 2651 3972 6422
2988 3818 5912 2562 3948 6422
2974 3804 5921 2670 3981 6380
2969 3766 5898 2698 3962 6408
2998 3776 5893 2698 4000 6413
3026 3818 5921 2689 3991 6432
2998 3761 5898 2623 3986 6422
3016 3794 5874 2599 3972 6399
3007 3808 5926 2623 4019 6361
3002 3794 5912 2614 3953 6390
2979 3776 5888 2623 3972 6437
