4271 1574 6774 3948 1775 6867
4215 1541 6694 3934 1756 6914
4225 1569 6764 3939 1723 6914
4197 1545 6760 3953 1709 6839
4276 1578 6727 3925 1756 6918
4220 1588 6788 3962 1765 6895
4248 1522 6717 3972 1770 6909
4188 1569 6755 3916 1751 6857
4253 1569 6760 3897 1761 6947
4234 1545 6708 3939 1775 6904
4332 1578 6806 3934 1746 6857
4281 1574 6708 3930 1723 6881
4239 1555 6843 3920 1765 6900
4248 1527 6717 3953 1756 6904
4286 1545 6713 3934 1746 6876
4276 1541 6684 3944 1751 6900
4262 1517 6764 3962 1789 6890
4243 1550 6736 3920 1765 6914
4197 1602 6755 3911 1761 6932
4234 1564 6778 3934 1765 6918
4169 1555 6731 3930 1728 6900
4229 1527 6750 3944 1789 6904
4248 1527 6769 3934 1770 6895
4188 1517 6703 3920 1765 6886
4211 1531 6820 3953 1746 6871
4169 1550 6778 3948 1751 6909
4300 1545 6760 3920 1742 6881
4211 1527 6760 3972 1728 6876
4178 1517 6802 3953 1737 6904
4192 1578 6774 3972 1728 6914
4216 1531 6769 4000 1737 6904
4220 1541 6708 3911 1746 6904
4239 1550 6760 3953 1690 6886
4202 1545 6769 3939 1714 6909
4271 1550 6694 3911 1704 6890
4276 1545 6741 3859 1728 6857
4159 1545 6755 3972 1676 6904
4276 1541 6680 3944 1732 6909
4253 1531 6769 3934 1746 6876
4262 1574 6717 3887 1732 6918
4192 1531 6750 3958 1761 6876
4220 1574 6811 3930 1742 6867
4304 1588 6736 3934 1775 6932
4150 1583 6764 3939 1742 6820
4215 1574 6783 3972 1723 6961
4174 1550 6774 3944 1723 6886
4271 1583 6703 3977 1718 6923
4328 1569 6788 3930 1718 6829
4239 1550 6778 3967 1728 6914
4220 1574 6727 3930 1737 6843
