4075 1452 6605 4000 1761 7106
4080 1428 6666 3995 1728 7068
4066 1433 6628 4042 1779 7083
4056 1419 6680 4220 1850 7139
4019 1442 6614 4014 1812 7003
4056 1433 6586 3962 1732 7026
4061 1372 6600 4178 1723 7092
4094 1428 6624 4159 1742 7059
4117 1377 6666 3991 1845 7101
4113 1423 6638 3962 1765 7059
4117 1452 6666 4127 1798 7040
4150 1414 6614 4056 1803 6998
4080 1414 6689 4108 1770 7078
4080 1400 6647 4033 1751 7092
4023 1428 6591 4028 1798 7040
4014 1428 6633 4084 1761 7022
4084 1442 6516 4000 1761 7083
4066 1377 6675 4103 1798 7012
4089 1484 6656 3995 1845 7050
4103 1433 6656 3948 1742 7064
4080 1344 6563 4042 1770 7073
4070 1423 6656 3948 1793 7073
4042 1433 6703 4005 1770 7050
4075 1419 6516 3986 1812 7106
4038 1400 6680 3948 1798 7059
4070 1405 6553 4113 1709 7129
4066 1447 6633 3977 1821 7092
4042 1442 6544 4047 1826 7064
4099 1423 6652 4084 1761 7068
4056 1372 6534 4038 1775 7115
4103 1348 6609 4005 1746 7134
4052 1409 6656 3906 1761 7022
4066 1386 6567 4094 1770 7087
4052 1419 6624 4122 1746 7031
4047 1367 6642 4047 1723 7087
4084 1414 6675 3944 1775 7111
4056 1377 6614 4075 1775 7059
4080 1428 6633 4023 1742 7050
4047 1484 6567 4075 1765 7078
4052 1405 6600 4113 1798 7078
4056 1325 6619 4099 1817 7078
4033 1437 6736 4000 1798 7059
4117 1470 6591 3939 1789 7068
4084 1358 6675 4080 1831 7054
4014 1489 6619 4113 1807 7134
4042 1391 6605 4089 1723 7026
4080 1452 6624 4038 1775 7129
4066 1423 6666 4028 1779 7040
4066 1409 6661 4070 1784 7129
4099 1456 6600 4066 1803 7078
