4000 1878 7176 3991 1381 6666
4023 1873 7120 3981 1414 6624
4066 1897 7162 3995 1400 6609
4052 1925 7148 4023 1428 6638
4033 1845 7162 4000 1419 6628
4033 1892 7205 3981 1423 6577
4056 1901 7214 3986 1395 6572
4038 1920 7219 4061 1400 6614
4075 1911 7172 4019 1414 6609
4038 1882 7209 3995 1386 6605
4042 1892 7153 4084 1414 6638
4019 1892 7200 4023 1428 6666
4047 1882 7228 4047 1400 6666
3972 1915 7195 4052 1409 6680
4047 1892 7176 4028 1348 6558
4061 1859 7214 4033 1414 6619
4047 1859 7261 4084 1381 6614
4023 1831 7195 4005 1372 6624
4033 1962 7176 4005 1367 6638
4038 1850 7134 4052 1362 6558
4066 1887 7144 4019 1372 6652
4009 1901 7219 4019 1377 6558
4084 1887 7237 4047 1372 6525
4080 1878 7148 4014 1386 6567
4038 1915 7205 4042 1348 6619
4056 1901 7233 4047 1353 6703
4023 1878 7190 4052 1377 6666
4028 1887 7167 4038 1405 6572
4038 1953 7219 4038 1414 6656
4009 1911 7172 4000 1386 6577
4042 1901 7176 4033 1423 6628
4033 1929 7205 4033 1381 6638
4014 1854 7219 3981 1353 6638
4019 1911 7144 4066 1386 6609
4047 1943 7148 4141 1395 6638
4019 1897 7200 4019 1414 6628
4042 1901 7186 4056 1381 6591
4052 1925 7176 4033 1437 6614
4023 1892 7186 4070 1381 6609
4052 1939 7228 4061 1433 6609
4066 1892 7205 4075 1428 6619
4042 1943 7190 4028 1391 6656
4033 1868 7233 4047 1400 6577
4023 1897 7228 3995 1386 6614
4023 1892 7172 4070 1391 6652
4047 1920 7153 4023 1419 6591
4070 1878 7148 4033 1414 6586
4066 1929 7172 4113 1409 6652
4023 1920 7190 4070 1419 6600
4019 1873 7223 4047 1414 6703
