3995 2102 7420 4169 1452 6708
3995 2163 7462 4183 1466 6694
3986 2112 7444 4183 1494 6666
3962 2055 7420 4202 1489 6699
3981 2093 7434 4192 1428 6638
3995 2126 7430 4174 1494 6675
4005 2088 7533 4155 1452 6661
3981 2140 7397 4206 1447 6699
3962 2135 7425 4141 1475 6661
4019 2102 7425 4183 1503 6699
4000 2191 7411 4159 1541 6699
3991 2135 7341 4131 1452 6680
4038 2168 7486 4117 1437 6727
4009 2060 7392 4136 1433 6717
3977 2130 7495 4164 1508 6652
4023 2088 7448 4131 1442 6684
4028 2069 7444 4131 1494 6656
3977 2126 7467 4122 1414 6684
4009 2168 7383 4178 1442 6642
4005 2168 7383 4117 1475 6666
3962 2159 7378 4155 1484 6666
4014 2135 7392 4141 1428 6581
3962 2144 7491 4127 1494 6713
4005 2126 7467 4141 1414 6722
4028 2121 7453 4220 1409 6675
3995 2140 7383 4197 1447 6609
3977 2163 7495 4206 1475 6647
3962 2154 7434 4197 1494 6638
3958 2130 7392 4159 1428 6680
4000 2084 7434 4183 1480 6600
4019 2107 7458 4159 1484 6647
4009 2079 7495 4141 1517 6675
4028 2112 7416 4131 1437 6680
3977 2116 7392 4164 1470 6713
4033 2116 7458 4122 1466 6652
4070 2116 7411 4108 1508 6769
3991 2168 7387 4080 1452 6628
4009 2159 7378 4075 1513 6713
3977 2140 7528 4141 1470 6755
3981 2088 7392 4136 1475 6652
4033 2159 7406 4159 1475 6675
4005 2055 7430 4113 1391 6666
4028 2098 7439 4108 1503 6647
4038 2126 7392 4192 1508 6675
4000 2130 7383 4202 1428 6670
3986 2069 7420 4108 1508 6581
4033 2084 7453 4197 1461 6731
4023 2140 7472 4155 1433 6619
4028 2102 7505 4169 1494 6755
4019 2201 7397 4183 1517 6595
