4099 1798 7012 3902 1559 6736
4103 1803 7068 3930 1536 6769
4131 1798 7022 3892 1559 6717
4056 1775 6918 3920 1527 6797
4113 1779 6970 3995 1536 6760
4127 1817 7068 3925 1541 6699
4155 1761 6970 3925 1555 6703
4094 1770 7008 3944 1498 6684
4127 1770 7040 3906 1555 6708
4084 1742 7026 3869 1503 6713
4080 1779 7073 3944 1517 6666
4164 1793 7040 3911 1569 6684
4127 1770 7017 3958 1564 6769
4141 1793 7083 3887 1517 6684
4155 1756 7073 3897 1545 6703
4066 1770 7050 3892 1555 6684
4169 1765 7017 3850 1550 6638
4108 1770 7078 3939 1536 6727
4117 1761 7022 3911 1555 6722
4131 1779 7078 3925 1531 6802
4150 1761 6989 3953 1536 6680
4150 1775 7059 3944 1489 6666
4141 1775 6965 3892 1545 6722
4103 1765 7017 3883 1545 6736
4131 1756 6975 3897 1550 6755
4117 1775 6993 3892 1522 6703
4145 1761 6979 3953 1475 6741
4159 1779 7003 3920 1517 6769
4103 1789 7036 3934 1545 6727
4141 1761 7064 3906 1531 6694
4103 1761 7036 3902 1559 6600
4080 1770 7078 3986 1508 6760
4141 1775 7050 3906 1569 6764
4084 1789 7026 3967 1517 6670
4145 1803 7073 3916 1536 6717
4103 1784 7036 3934 1564 6713
4131 1761 7115 3939 1574 6675
4099 1784 7059 3925 1545 6731
4117 1784 7059 3878 1574 6708
4141 1756 7115 3911 1564 6628
4052 1765 7012 3930 1536 6656
4178 1793 7064 3897 1527 6741
4080 1793 7031 3948 1545 6717
4145 1775 7087 3902 1536 6708
4103 1779 6961 3916 1550 6689
4099 1756 7003 3911 1531 6760
4061 1756 7068 3920 1545 6774
4108 1761 7017 3920 1550 6689
4113 1751 7064 3920 1536 6750
4136 1770 7026 3892 1513 6703
