3906 1569 6703 4276 1639 6979
3944 1578 6774 4243 1695 6998
3930 1564 6783 4243 1685 6998
3934 1503 6717 4127 1648 6951
3902 1508 6708 4188 1620 6965
3948 1522 6703 4178 1779 6947
3897 1466 6727 4131 1625 7017
3902 1503 6764 4159 1704 7031
3930 1555 6769 4103 1714 6937
3906 1456 6736 4253 1690 6984
3939 1531 6745 4183 1690 7022
3934 1452 6788 4127 1700 7008
3934 1494 6727 4117 1676 6942
3892 1583 6736 4155 1704 6975
3934 1564 6736 4183 1676 7064
3930 1574 6717 4216 1704 7008
3892 1494 6736 4183 1667 7026
3939 1588 6731 4178 1662 6904
3911 1574 6736 4276 1723 6984
3902 1602 6764 4113 1704 6951
3916 1583 6741 4061 1681 7017
3925 1578 6731 4155 1639 6984
3934 1531 6713 4136 1639 6895
3925 1541 6764 4089 1718 6998
3892 1583 6750 4192 1681 6979
3916 1541 6717 4211 1709 6979
3944 1513 6699 4070 1671 6984
3897 1624 6689 4215 1671 6984
3967 1583 6713 4206 1704 7026
3911 1602 6755 4183 1690 7026
3911 1574 6689 4174 1709 6965
3925 1555 6741 4197 1700 6970
3916 1578 6783 4295 1671 6951
3906 1624 6760 4136 1676 6965
3930 1597 6722 4113 1648 6993
3930 1517 6736 4248 1709 7008
3934 1569 6760 4084 1624 6975
3911 1559 6713 4216 1676 6970
3944 1597 6741 4281 1704 7054
3911 1559 6727 4202 1700 7003
3939 1611 6788 4164 1639 7003
3911 1559 6684 4155 1676 6970
3953 1541 6731 4145 1657 7045
3911 1536 6731 4174 1624 6975
3911 1588 6745 4108 1728 6956
3906 1531 6750 4211 1690 7050
3878 1569 6699 4257 1620 7008
3911 1602 6755 4145 1667 6909
3925 1513 6750 4070 1620 6942
3902 1569 6760 4145 1704 7040
