4117 1761 6918 4323 1597 6717
4257 1709 6839 4337 1592 6811
4178 1718 6984 4295 1574 6811
4117 1695 6886 4281 1564 6774
4141 1732 6937 4351 1517 6792
4211 1709 6895 4290 1588 6717
4155 1723 6947 4332 1545 6778
4117 1723 6909 4286 1550 6736
4122 1746 6867 4281 1578 6774
4122 1732 6839 4337 1597 6764
4131 1709 6886 4290 1527 6788
4099 1690 6876 4234 1541 6731
4145 1704 6923 4286 1541 6736
4178 1723 6928 4267 1583 6806
4117 1737 6932 4328 1555 6764
4141 1742 6942 4286 1564 6741
4099 1709 6904 4314 1569 6797
4061 1718 6937 4257 1541 6680
4127 1695 6881 4286 1536 6778
4099 1690 6923 4262 1498 6727
4164 1728 6956 4271 1545 6760
4141 1756 6857 4304 1550 6675
4169 1732 6918 4290 1592 6745
4047 1770 6932 4281 1574 6750
4108 1714 6914 4243 1569 6750
4145 1737 6937 4281 1583 6769
4131 1742 6937 4314 1611 6717
4131 1700 6937 4281 1564 6708
4150 1723 6951 4323 1550 6755
4099 1765 6914 4300 1559 6745
4108 1737 6876 4234 1545 6774
4089 1751 6886 4309 1555 6769
4131 1695 6923 4281 1545 6755
4136 1723 6937 4248 1555 6741
4150 1756 6871 4215 1541 6713
4164 1714 6900 4267 1559 6839
4103 1728 6914 4300 1574 6811
4117 1737 6895 4253 1564 6815
4159 1742 6984 4281 1531 6694
4159 1746 6848 4295 1531 6769
4169 1690 6928 4295 1536 6806
4108 1732 6886 4314 1517 6778
4155 1732 6951 4314 1531 6727
4127 1695 6928 4229 1522 6731
4108 1685 6853 4328 1569 6745
4155 1695 6932 4300 1541 6750
4136 1714 6965 4318 1564 6797
4108 1737 6895 4267 1517 6769
4141 1709 6806 4304 1564 6783
4141 1723 6951 4304 1592 6760
