4141 1423 6774 3967 2023 7078
4131 1503 6778 3967 2013 7097
4113 1475 6741 3967 2046 7059
4136 1489 6769 3939 2008 7101
4070 1494 6736 3977 2046 7111
4127 1442 6750 4009 1994 7073
4122 1409 6750 4014 1967 7167
4127 1452 6774 3977 2032 7167
4108 1395 6760 3934 2018 7181
4099 1437 6731 3944 2027 7115
4150 1437 6699 3958 1986 7148
4145 1400 6778 3920 1999 7134
4159 1442 6717 3906 1976 7144
4141 1400 6722 3991 2037 7115
4169 1466 6769 3930 2032 7139
4094 1494 6656 4019 2032 7148
4103 1405 6788 3916 2041 7195
4145 1470 6736 3916 2008 7097
4136 1405 6797 3986 1995 7162
4108 1377 6755 3991 2004 7134
4155 1442 6703 3911 2008 7125
4155 1428 6722 3944 2004 7101
4145 1409 6806 3934 1986 7144
4075 1442 6727 3995 1995 7139
4150 1442 6755 3934 2018 7176
4127 1461 6797 3953 2060 7068
4136 1405 6760 3962 1994 7125
4103 1409 6774 3991 1999 7148
4094 1395 6797 3948 2032 7162
4084 1437 6750 3953 1999 7134
4141 1414 6750 3892 1981 7144
4188 1437 6736 4014 2027 7167
4117 1437 6755 3972 2004 7120
4145 1423 6769 4000 1990 7092
4117 1433 6806 3981 2032 7097
4131 1409 6731 4000 2004 7172
4150 1456 6774 3962 1990 7158
4145 1395 6792 3916 1990 7120
4122 1391 6717 4005 2023 7125
4108 1456 6806 3930 2008 7144
4127 1433 6797 3930 2032 7139
4155 1456 6792 4019 1990 7209
4099 1433 6750 3981 2032 7134
4136 1437 6764 3981 1990 7125
4127 1423 6811 3972 1995 7120
4145 1405 6741 3930 2004 7190
4178 1442 6750 3948 2023 7134
4145 1409 6708 4000 2032 7101
4131 1377 6727 4005 1994 7120
4131 1400 6722 4009 2004 7087
