2824 2426 7176 2918 2693 7505
2810 2412 7144 2890 2670 7551
2843 2398 7186 2876 2758 7584
2871 2473 7144 2871 2679 7593
2805 2402 7129 2829 2740 7551
2829 2374 7111 2913 2768 7556
2829 2454 7200 2899 2758 7509
2847 2417 7209 2866 2689 7552
2843 2454 7120 2857 2693 7491
2824 2407 7162 2843 2712 7551
2819 2435 7054 2894 2660 7574
2843 2487 7139 2885 2632 7528
2876 2431 7129 2904 2665 7584
2819 2459 7120 2880 2735 7514
2838 2440 7078 2894 2717 7533
2843 2482 7087 2894 2703 7598
2871 2440 7148 2838 2735 7552
2894 2421 7144 2904 2693 7491
2876 2398 7153 2913 2665 7528
2885 2496 7073 2932 2735 7528
2801 2473 7233 2932 2632 7598
2829 2473 7223 2890 2735 7500
2866 2440 7237 2922 2740 7439
2805 2454 7214 2885 2754 7448
2852 2492 7101 2937 2735 7533
2862 2478 7158 2913 2679 7495
2824 2435 7176 2866 2651 7519
2847 2478 7153 2852 2660 7579
2819 2463 7167 2908 2689 7552
2824 2445 7186 2922 2717 7439
2805 2473 7181 2885 2726 7556
2833 2393 7172 2894 2632 7584
2847 2412 7134 2913 2712 7533
2819 2459 7153 2852 2712 7579
2866 2431 7181 2913 2679 7551
2833 2468 7111 2857 2637 7462
2871 2426 7153 2904 2675 7579
2829 2435 7139 2904 2651 7538
2871 2440 7148 2913 2749 7514
2810 2478 7097 2894 2679 7523
2824 2454 7148 2899 2703 7523
2847 2454 7205 2913 2707 7491
2829 2459 7172 2918 2744 7556
2810 2473 7181 2913 2665 7486
2843 2402 7115 2866 2740 7552
2857 2459 7087 2899 2712 7551
2833 2445 7228 2922 2744 7509
2810 2421 7167 2880 2740 7556
2862 2449 7153 2904 2679 7495
2852 2365 7134 2904 2740 7495
