2960 2604 7453 2777 2604 7186
3026 2604 7420 2815 2604 7148
3007 2609 7439 2740 2585 7261
3012 2576 7448 2740 2595 7256
3026 2595 7397 2763 2581 7251
2993 2604 7402 2791 2604 7190
3040 2614 7411 2740 2590 7172
3030 2599 7378 2786 2590 7251
3012 2562 7448 2754 2571 7256
3035 2609 7430 2796 2595 7261
2998 2599 7430 2791 2576 7233
3068 2590 7406 2768 2557 7261
3035 2618 7420 2772 2524 7242
3002 2576 7383 2777 2567 7158
3063 2609 7434 2763 2614 7172
2988 2576 7397 2777 2599 7153
2993 2585 7444 2805 2604 7176
3030 2571 7359 2758 2609 7101
3049 2585 7411 2768 2562 7181
2983 2599 7509 2772 2599 7195
2998 2576 7462 2754 2595 7195
3002 2595 7439 2805 2585 7172
3044 2585 7430 2744 2571 7261
2974 2599 7434 2819 2548 7167
3063 2614 7439 2786 2562 7129
3063 2567 7392 2754 2567 7251
3007 2604 7402 2833 2510 7129
2993 2576 7402 2782 2524 7209
3073 2562 7509 2786 2585 7205
3026 2595 7430 2777 2543 7209
3026 2637 7402 2754 2543 7200
3049 2576 7416 2782 2581 7195
2988 2590 7373 2805 2623 7205
3063 2571 7425 2735 2576 7219
3082 2637 7462 2810 2614 7209
3026 2590 7411 2735 2571 7158
3026 2623 7430 2777 2571 7139
3049 2609 7359 2768 2590 7162
3040 2628 7383 2754 2604 7237
3044 2656 7448 2758 2534 7242
2998 2576 7467 2782 2557 7144
3068 2618 7411 2772 2609 7125
3044 2609 7364 2791 2543 7195
2993 2585 7439 2749 2567 7176
3035 2599 7430 2768 2590 7237
2965 2585 7416 2754 2585 7158
3030 2562 7439 2772 2604 7223
2993 2604 7439 2772 2543 7153
3026 2590 7448 2782 2529 7209
3044 2557 7425 2782 2571 7186
