2941 2801 7645 2847 2402 7200
2937 2829 7588 2904 2431 7153
2965 2791 7654 2866 2445 7153
2876 2758 7649 2890 2398 7280
2880 2763 7612 2918 2374 7200
2852 2782 7626 2885 2402 7223
2908 2740 7617 2871 2346 7153
2871 2796 7598 2880 2379 7172
2857 2744 7696 2899 2431 7214
2871 2758 7668 2913 2327 7223
2922 2777 7598 2876 2365 7158
2871 2758 7631 2876 2402 7195
2894 2791 7603 2913 2379 7247
2918 2796 7631 2890 2388 7181
2922 2801 7715 2876 2384 7228
2885 2744 7664 2927 2407 7190
2937 2758 7649 2885 2402 7228
2899 2829 7635 2857 2346 7176
2866 2824 7584 2866 2360 7176
2908 2786 7692 2904 2388 7205
2937 2758 7673 2857 2365 7195
2880 2772 7579 2833 2459 7205
2880 2758 7593 2922 2388 7237
2894 2777 7645 2880 2393 7162
2866 2805 7654 2876 2440 7148
2932 2796 7659 2880 2356 7294
2908 2782 7668 2862 2341 7200
2838 2777 7612 2890 2374 7251
2880 2777 7635 2904 2374 7214
2862 2772 7621 2922 2398 7242
2960 2810 7603 2862 2449 7209
2941 2768 7640 2876 2365 7120
2871 2782 7612 2904 2374 7153
2908 2796 7640 2899 2435 7219
2880 2740 7696 2838 2356 7181
2894 2763 7649 2894 2384 7176
2899 2805 7617 2922 2356 7106
2904 2791 7588 2890 2351 7228
2922 2815 7560 2885 2421 7186
2913 2801 7715 2866 2370 7200
2922 2777 7621 2890 2341 7162
2871 2796 7574 2857 2417 7209
2890 2777 7579 2885 2351 7186
2927 2740 7626 2908 2356 7205
2937 2777 7631 2871 2412 7181
2890 2749 7565 2890 2402 7172
2908 2791 7635 2866 2393 7181
2899 2758 7617 2885 2388 7148
2918 2744 7603 2871 2379 7219
2955 2740 7621 2922 2407 7237
