2679 2880 7420 3133 2492 7303
2670 2913 7495 3124 2478 7284
2721 2885 7519 3189 2454 7265
2693 2890 7444 3142 2478 7341
2689 2829 7472 3105 2454 7326
2707 2862 7552 3109 2449 7251
2660 2824 7439 3147 2426 7317
2675 2847 7472 3166 2459 7242
2698 2908 7565 3161 2449 7359
2698 2857 7481 3101 2482 7270
2698 2871 7505 3142 2435 7247
2703 2899 7444 3152 2459 7284
2698 2960 7514 3105 2454 7294
2684 2885 7355 3124 2417 7280
2717 2852 7444 3128 2459 7331
2707 2829 7462 3101 2492 7345
2712 2899 7481 3138 2421 7200
2712 2880 7444 3133 2417 7284
2712 2890 7477 3180 2454 7331
2693 2880 7444 3161 2417 7251
2717 2857 7434 3124 2445 7336
2763 2843 7481 3138 2426 7298
2707 2871 7472 3138 2445 7294
2665 2847 7552 3124 2478 7303
2693 2833 7547 3105 2435 7242
2758 2885 7425 3109 2463 7350
2660 2876 7458 3109 2468 7270
2698 2862 7472 3119 2445 7242
2735 2880 7373 3185 2524 7242
2717 2871 7481 3161 2454 7331
2707 2843 7495 3142 2454 7247
2665 2894 7416 3133 2459 7265
2665 2908 7500 3101 2459 7275
2707 2857 7514 3100 2487 7317
2703 2908 7462 3180 2459 7237
2717 2890 7444 3142 2492 7265
2693 2904 7458 3185 2435 7303
2712 2894 7519 3138 2463 7364
2656 2899 7477 3142 2473 7265
2693 2880 7444 3166 2445 7312
2684 2894 7430 3185 2440 7289
2679 2824 7434 3142 2501 7261
2707 2908 7523 3138 2459 7350
2684 2885 7425 3152 2487 7392
2749 2843 7514 3147 2463 7265
2698 2824 7420 3119 2459 7308
2670 2862 7500 3138 2468 7270
2670 2904 7491 3119 2454 7355
2712 2890 7491 3138 2459 7294
2684 2829 7444 3091 2426 7312
