2824 2796 7828 3058 2323 7101
2833 2772 7664 3007 2341 7190
2843 2754 7593 3030 2332 7153
2829 2782 7640 3035 2356 7172
2819 2796 7715 2993 2318 7087
2833 2777 7565 3049 2290 7101
2824 2801 7682 3044 2365 7115
2862 2796 7598 3016 2318 7144
2890 2772 7551 3016 2337 7139
2819 2768 7659 3054 2309 7186
2801 2796 7659 3040 2327 7176
2866 2763 7617 3073 2290 7134
2852 2777 7631 3054 2327 7144
2833 2772 7547 3030 2262 7190
2819 2801 7631 3054 2295 7097
2810 2758 7776 3021 2295 7115
2918 2777 7649 3044 2327 7073
2904 2791 7617 3035 2290 7148
2838 2791 7621 2993 2285 7172
2824 2772 7654 3049 2248 7195
2838 2782 7551 3082 2337 7125
2857 2740 7588 3040 2323 7087
2815 2758 7552 3058 2295 7181
2819 2754 7673 3082 2318 7158
2876 2749 7588 3063 2309 7181
2805 2744 7762 3040 2290 7120
2866 2735 7621 3058 2313 7115
2824 2772 7781 3063 2309 7200
2852 2740 7533 2983 2281 7148
2810 2754 7809 3054 2248 7158
2833 2782 7565 3030 2332 7111
2786 2763 7519 3040 2257 7134
2876 2768 7603 3054 2341 7101
2862 2763 7588 3021 2257 7115
2786 2735 7565 3044 2309 7129
2805 2777 7682 3026 2276 7097
2862 2772 7519 3040 2351 7148
2829 2796 7617 3012 2313 7101
2857 2744 7570 3021 2281 7158
2829 2749 7593 3101 2295 7228
2796 2735 7635 3058 2285 7167
2796 2810 7556 3026 2318 7092
2829 2772 7607 3030 2309 7144
2847 2758 7640 3035 2266 7129
2833 2786 7528 3054 2243 7176
2847 2791 7612 3054 2248 7190
2857 2777 7547 3054 2346 7167
2876 2777 7584 3021 2309 7101
2866 2740 7706 3026 2337 7144
2791 2772 7584 3082 2313 7158
