2979 2388 7331 2731 2833 7607
2941 2337 7303 2786 2871 7612
2941 2379 7308 2735 2852 7617
2979 2327 7294 2810 2847 7598
2960 2341 7251 2731 2852 7579
2927 2341 7298 2749 2824 7523
2941 2356 7261 2791 2866 7565
2951 2313 7331 2768 2824 7570
2937 2285 7336 2801 2843 7621
2922 2346 7298 2833 2805 7565
2946 2360 7261 2824 2838 7570
2927 2351 7289 2786 2843 7603
2979 2356 7312 2763 2847 7584
2932 2370 7298 2805 2819 7579
2965 2332 7256 2777 2857 7603
2960 2327 7298 2758 2838 7584
2932 2313 7270 2758 2838 7523
2951 2360 7303 2754 2852 7626
2951 2327 7350 2740 2819 7607
2932 2313 7345 2768 2852 7574
2955 2346 7280 2768 2871 7565
2955 2360 7303 2768 2852 7588
2988 2299 7331 2740 2838 7533
2927 2313 7280 2824 2871 7560
2941 2346 7251 2796 2819 7649
2922 2374 7336 2726 2871 7570
2937 2313 7312 2712 2829 7621
2974 2332 7261 2786 2838 7603
2955 2341 7341 2824 2819 7565
2932 2327 7237 2740 2862 7603
2974 2356 7275 2777 2801 7607
2965 2313 7289 2833 2819 7565
2927 2337 7303 2815 2862 7551
2894 2346 7341 2735 2838 7607
2937 2379 7298 2815 2805 7560
2983 2337 7298 2717 2838 7584
2946 2304 7289 2754 2815 7617
2974 2360 7308 2801 2857 7551
2969 2351 7341 2833 2801 7598
2908 2341 7275 2819 2796 7584
2932 2346 7298 2744 2819 7560
2927 2304 7256 2740 2796 7574
2974 2341 7336 2782 2862 7621
2932 2374 7270 2829 2847 7579
2922 2309 7261 2772 2838 7607
2946 2332 7308 2754 2833 7547
2960 2323 7298 2833 2838 7612
2960 2346 7303 2772 2829 7584
2941 2351 7303 2819 2829 7556
2922 2318 7261 2782 2838 7593
