2754 2599 7158 2993 2604 7477
2791 2595 7219 2960 2599 7453
2838 2646 7289 3049 2585 7416
2796 2642 7190 2965 2595 7472
2852 2642 7233 3044 2595 7434
2833 2646 7205 2993 2609 7430
2801 2623 7228 3030 2576 7453
2772 2618 7284 2993 2585 7397
2772 2618 7270 3054 2576 7369
2749 2628 7209 3021 2599 7364
2735 2618 7265 2965 2581 7383
2838 2609 7195 3012 2576 7434
2744 2623 7233 2979 2567 7392
2824 2618 7261 3002 2567 7397
2758 2651 7209 2932 2618 7420
2744 2670 7200 2983 2590 7378
2815 2670 7256 3007 2646 7378
2833 2646 7233 2974 2590 7369
2819 2628 7265 2998 2590 7523
2768 2614 7162 2988 2590 7350
2772 2646 7219 3016 2581 7448
2740 2623 7214 2983 2590 7345
2768 2623 7200 2951 2614 7430
2754 2618 7247 2988 2567 7364
2740 2623 7261 3068 2581 7383
2782 2623 7280 2979 2632 7402
2843 2628 7298 2988 2623 7420
2777 2642 7326 3058 2595 7477
2726 2623 7228 3021 2581 7406
2824 2585 7172 2979 2590 7397
2744 2646 7219 3007 2581 7402
2786 2614 7275 2955 2562 7402
2763 2628 7256 2983 2599 7439
2740 2618 7270 2965 2576 7416
2796 2585 7284 2974 2590 7331
2777 2642 7265 3054 2581 7491
2805 2614 7256 2946 2595 7392
2782 2646 7275 2955 2567 7364
2744 2632 7209 2979 2543 7387
2782 2623 7322 2960 2595 7402
2763 2628 7261 2969 2576 7416
2819 2642 7181 3035 2576 7387
2758 2651 7289 2979 2543 7406
2815 2618 7280 2941 2571 7453
2796 2604 7129 2983 2595 7387
2786 2637 7158 2988 2614 7406
2735 2614 7237 2983 2595 7434
2810 2628 7242 3030 2623 7453
2726 2609 7289 3026 2595 7462
2754 2632 7378 3012 2567 7364
