3049 2388 7261 2913 2791 7448
3100 2449 7312 2876 2824 7458
3119 2384 7336 2880 2768 7477
3096 2445 7369 2894 2829 7467
3082 2384 7364 2918 2819 7392
3054 2407 7364 2899 2815 7416
3087 2412 7303 2908 2810 7350
3152 2384 7383 2871 2857 7434
3087 2445 7312 2885 2847 7420
3109 2421 7331 2946 2819 7448
3105 2407 7270 2927 2810 7430
3063 2445 7237 2913 2801 7462
3101 2402 7289 2908 2815 7392
3138 2417 7303 2960 2758 7444
3082 2412 7317 2951 2777 7467
3100 2398 7331 2922 2763 7439
3100 2384 7317 2951 2838 7453
3101 2435 7331 2913 2786 7439
3128 2360 7378 2894 2824 7462
3063 2398 7317 2908 2796 7425
3082 2398 7322 2913 2772 7444
3068 2449 7242 2941 2819 7397
3100 2421 7303 2880 2829 7430
3087 2435 7331 2937 2796 7411
3058 2407 7331 2899 2852 7481
3096 2435 7303 2918 2838 7402
3058 2421 7256 2899 2782 7458
3087 2407 7308 2922 2786 7439
3087 2426 7369 2890 2805 7378
3087 2449 7308 2890 2758 7462
3058 2402 7298 2890 2754 7387
3082 2412 7284 2955 2815 7364
3100 2407 7308 2913 2777 7411
3096 2365 7256 2946 2786 7453
3054 2435 7336 2899 2786 7416
3068 2384 7331 2876 2801 7448
3082 2379 7317 2862 2796 7430
3073 2370 7280 2960 2810 7416
3063 2435 7275 2838 2777 7402
3068 2412 7331 2885 2815 7439
3101 2421 7275 2857 2768 7434
3087 2384 7284 2932 2796 7486
3105 2402 7298 2885 2782 7402
3063 2407 7280 2927 2796 7453
3077 2421 7326 2955 2786 7387
3035 2440 7322 2908 2758 7430
3058 2412 7322 2941 2768 7406
3091 2440 7345 2965 2852 7387
3087 2445 7233 2922 2791 7458
3124 2431 7317 2941 2833 7453
