2473 2731 6951 2177 3105 7242
2496 2735 7017 2224 3147 7242
2421 2740 6970 2205 3147 7303
2492 2801 7059 2201 3100 7345
2515 2675 6965 2196 3124 7308
2449 2675 7040 2173 3152 7209
2468 2717 6993 2215 3087 7214
2459 2749 6956 2173 3124 7247
2468 2740 7022 2201 3105 7275
2506 2707 6970 2187 3096 7219
2473 2717 7012 2182 3128 7219
2412 2717 7003 2173 3101 7209
2468 2717 7012 2182 3114 7251
2534 2703 6993 2215 3105 7237
2534 2740 6970 2177 3119 7237
2478 2656 6965 2159 3152 7280
2520 2703 6961 2210 3114 7298
2529 2740 6965 2191 3114 7261
2440 2712 6942 2201 3109 7280
2454 2772 6984 2177 3133 7256
2463 2703 6993 2177 3124 7237
2468 2726 7040 2187 3114 7181
2478 2712 7012 2173 3142 7294
2445 2712 7022 2205 3105 7270
2520 2717 7008 2187 3133 7303
2468 2744 6993 2224 3100 7256
2482 2689 7026 2154 3124 7289
2426 2698 7022 2159 3109 7256
2449 2735 6951 2196 3114 7237
2463 2726 7026 2177 3105 7256
2487 2740 6984 2196 3133 7256
2440 2731 7008 2187 3124 7251
2506 2749 6993 2220 3156 7214
2496 2740 6956 2196 3114 7256
2459 2749 6961 2224 3147 7242
2473 2740 7031 2187 3142 7294
2468 2703 7068 2201 3109 7369
2534 2726 6975 2215 3147 7275
2445 2698 6932 2215 3105 7233
2417 2689 7054 2187 3105 7247
2463 2731 7012 2163 3133 7219
2501 2707 7059 2135 3152 7256
2473 2703 7083 2168 3128 7284
2459 2749 7017 2187 3109 7289
2454 2731 6984 2177 3100 7261
2459 2744 6998 2163 3109 7242
2501 2707 7036 2215 3105 7303
2440 2735 7022 2154 3101 7256
2468 2758 6998 2163 3109 7219
2449 2744 6951 2196 3124 7237
