2154 3002 7115 2271 2796 7153
2154 3012 7036 2243 2791 7242
2154 3044 7129 2271 2824 7092
2121 3068 7162 2327 2857 7139
2168 2979 7190 2337 2829 7181
2173 3021 7083 2295 2819 7186
2154 2979 7158 2295 2862 7228
2121 3030 7050 2262 2815 7158
2102 3058 7087 2313 2810 7186
2121 3049 7139 2281 2852 7144
2149 3058 7092 2257 2843 7120
2182 3016 7153 2290 2819 7237
2173 3021 7115 2285 2847 7176
2154 3026 7040 2238 2829 7134
2159 3030 7158 2281 2847 7233
2196 3007 7139 2262 2824 7242
2140 2993 7101 2332 2857 7219
2121 3073 7106 2327 2838 7181
2098 3054 7101 2281 2824 7153
2149 3007 7068 2285 2833 7162
2121 3049 7115 2276 2815 7172
2159 2979 7101 2318 2838 7176
2159 3040 7073 2323 2880 7129
2163 3044 7068 2304 2833 7176
2102 3030 7111 2346 2838 7162
2126 3002 7064 2271 2866 7139
2126 3058 7078 2257 2866 7223
2163 2998 7092 2243 2815 7233
2107 3026 7111 2295 2833 7190
2135 3054 7139 2266 2810 7214
2135 3035 7092 2304 2829 7181
2182 3030 7101 2290 2862 7172
2135 3002 7106 2276 2843 7139
2135 3030 7078 2243 2876 7139
2116 3026 7050 2304 2847 7186
2098 3049 7172 2271 2843 7158
2154 3021 7083 2271 2852 7129
2135 2998 7144 2309 2847 7200
2144 3044 7148 2332 2810 7134
2159 3040 7073 2238 2876 7153
2126 3044 7111 2266 2801 7167
2144 3082 7158 2266 2838 7158
2144 2998 7059 2248 2852 7106
2130 3012 7120 2266 2857 7134
2135 3030 7120 2318 2862 7129
2135 3002 7068 2304 2824 7209
2130 3012 7153 2299 2815 7129
2140 3063 7115 2299 2852 7158
2187 3030 7068 2323 2852 7125
2163 3035 7134 2327 2843 7158
