2445 2857 6942 2248 2979 7331
2454 2838 6956 2262 3049 7317
2445 2880 7022 2234 3021 7336
2440 2847 6956 2266 3021 7322
2426 2871 6993 2224 3021 7359
2431 2918 6942 2234 3002 7294
2445 2890 7031 2262 3007 7317
2435 2857 6942 2205 2998 7331
2463 2871 6970 2243 2998 7369
2426 2876 6965 2290 2965 7270
2449 2871 6998 2304 2979 7312
2421 2908 6961 2309 2983 7355
2435 2829 7022 2234 2993 7331
2440 2847 6928 2224 2993 7355
2478 2913 6998 2229 2974 7294
2454 2922 6979 2262 2969 7265
2454 2894 6970 2252 3007 7317
2426 2880 6970 2276 2960 7331
2435 2904 6928 2210 3002 7303
2463 2857 6970 2238 3012 7331
2468 2880 6965 2205 3012 7341
2407 2857 6932 2243 2965 7270
2440 2852 6914 2238 2974 7336
2421 2857 6975 2281 2974 7341
2426 2815 6961 2229 2969 7378
2449 2880 7012 2234 2979 7350
2449 2838 6914 2243 3021 7317
2463 2862 6965 2215 3012 7350
2445 2908 6923 2229 2988 7336
2449 2876 6932 2243 3026 7298
2454 2871 6942 2220 3030 7265
2431 2838 6989 2243 3012 7284
2445 2838 6970 2257 3012 7303
2454 2852 6979 2248 3007 7275
2384 2866 6998 2271 3007 7322
2445 2852 6900 2276 3030 7247
2407 2852 6965 2238 3016 7265
2473 2922 6984 2262 3040 7289
2431 2880 6989 2243 3063 7303
2463 2876 6961 2224 3040 7247
2459 2857 6989 2201 3007 7312
2440 2843 6947 2177 3077 7341
2440 2876 6928 2224 3049 7322
2440 2847 7003 2248 3026 7237
2435 2880 6965 2266 3016 7289
2445 2876 6923 2252 3021 7359
2478 2904 6970 2276 3058 7195
2478 2937 6979 2187 3063 7355
2445 2857 6942 2201 2974 7275
2426 2913 6942 2201 3002 7270
