2088 3096 7430 2407 2721 6867
2159 3119 7383 2341 2744 6829
2266 3142 7402 2482 2660 6825
2290 3161 7430 2412 2679 6774
2229 3087 7308 2618 2651 6881
2187 3119 7317 2281 2740 6806
2112 3105 7312 2323 2698 6843
2126 3128 7345 2421 2735 6815
2060 3124 7378 2520 2717 6928
2112 3119 7341 2548 2721 6820
2069 3109 7397 2520 2656 6918
2074 3119 7411 2501 2735 6806
2126 3170 7345 2459 2684 6890
2116 3156 7355 2506 2726 6839
2130 3133 7331 2473 2693 6867
2130 3105 7392 2534 2721 6857
2093 3109 7359 2473 2632 6815
2084 3128 7359 2417 2689 6895
2121 3133 7317 2449 2670 6886
2098 3124 7326 2482 2684 6802
2088 3156 7369 2431 2684 6815
2126 3152 7397 2510 2651 6797
2116 3152 7387 2445 2637 6862
2088 3109 7317 2445 2665 6937
2149 3185 7336 2506 2660 6806
2102 3152 7322 2421 2665 6909
2140 3109 7308 2473 2670 6806
2098 3138 7420 2520 2651 6811
2102 3138 7383 2487 2656 6802
2107 3161 7416 2492 2656 6834
2112 3096 7308 2459 2721 6928
2079 3152 7275 2412 2675 6843
2102 3105 7383 2426 2740 6928
2121 3133 7350 2445 2670 6843
2102 3161 7322 2506 2637 6848
2126 3105 7312 2482 2735 6881
2093 3166 7341 2393 2698 6829
2084 3152 7369 2520 2656 6900
2069 3133 7373 2510 2642 6853
2098 3133 7355 2520 2665 6909
2051 3185 7373 2520 2735 6900
2079 3124 7303 2496 2689 6871
2102 3077 7326 2487 2670 6806
2069 3119 7331 2529 2717 6783
2084 3156 7345 2478 2665 6802
2116 3124 7317 2468 2632 6857
2069 3142 7303 2431 2731 6811
2088 3138 7364 2492 2665 6867
2116 3185 7312 2501 2698 6811
2107 3156 7322 2463 2726 6853
