2182 3044 7491 2243 2786 6975
2144 3030 7383 2215 2796 6881
2187 3026 7373 2201 2801 6932
2187 2988 7453 2191 2786 6909
2191 2998 7434 2205 2758 6961
2182 3063 7331 2224 2819 6871
2187 3007 7369 2262 2819 6853
2173 3030 7369 2163 2796 6862
2201 3040 7411 2168 2777 6928
2159 3016 7345 2196 2815 6900
2173 2988 7477 2215 2862 6914
2201 3007 7430 2243 2801 6904
2187 3035 7411 2177 2852 6876
2201 3058 7458 2149 2786 6904
2163 3030 7434 2224 2824 6886
2173 3058 7420 2234 2894 6857
2182 3035 7387 2187 2777 6900
2220 3073 7406 2224 2791 6989
2210 3063 7411 2210 2796 6951
2173 3073 7392 2210 2786 6951
2201 3073 7397 2177 2815 6947
2177 3012 7420 2210 2829 6900
2187 3054 7392 2163 2838 6947
2163 3026 7406 2220 2801 6961
2187 3012 7397 2220 2829 6918
2205 2979 7397 2215 2833 6876
2177 3068 7430 2205 2772 6918
2191 3058 7425 2191 2824 6876
2191 3030 7425 2191 2833 6993
2182 3049 7406 2201 2852 6970
2168 3068 7425 2201 2824 6909
2177 3016 7411 2191 2815 6862
2163 3049 7434 2220 2819 6904
2224 2998 7444 2238 2862 6947
2196 3082 7373 2205 2833 6965
2182 3035 7439 2238 2815 6965
2187 3021 7402 2215 2829 6923
2191 3012 7430 2205 2866 7008
2196 3049 7420 2220 2824 6956
2159 3002 7439 2234 2829 6923
2196 3101 7378 2191 2852 6947
2173 3054 7383 2201 2815 6839
2196 3030 7383 2191 2866 6923
2201 3021 7448 2173 2876 6886
2191 3068 7402 2224 2810 6871
2238 3068 7439 2177 2801 6886
2220 3063 7430 2196 2847 6890
2168 3068 7383 2220 2805 6932
2154 3044 7383 2187 2819 6932
2177 3058 7411 2191 2758 6890
