2360 2731 6951 2093 3073 7402
2365 2754 6918 2088 3138 7397
2341 2707 6909 2144 3100 7383
2323 2735 6867 2144 3128 7430
2370 2712 6979 2065 3124 7378
2360 2721 6834 2069 3119 7359
2370 2731 6970 2079 3142 7373
2318 2740 6956 2135 3119 7387
2417 2703 6904 2079 3124 7402
2323 2721 6881 2055 3170 7406
2370 2675 6989 2107 3124 7402
2323 2717 6900 2112 3133 7406
2327 2726 6918 2098 3156 7411
2356 2703 6886 2102 3142 7387
2346 2703 6984 2126 3077 7420
2393 2703 6881 2023 3133 7402
2356 2721 6947 2112 3128 7364
2341 2707 6965 2112 3147 7350
2374 2735 6993 2098 3096 7425
2346 2707 6923 2126 3133 7453
2374 2731 6961 2107 3124 7406
2323 2726 6928 2102 3156 7373
2327 2744 6895 2093 3119 7392
2393 2754 6900 2135 3114 7402
2337 2735 6904 2116 3101 7439
2341 2717 6937 2060 3128 7350
2388 2679 7017 2079 3109 7430
2356 2735 6867 2084 3128 7378
2346 2754 6881 2079 3119 7392
2384 2703 6932 2084 3128 7420
2346 2731 6937 2084 3096 7373
2323 2749 6928 2098 3114 7378
2379 2735 6942 2144 3161 7411
2346 2735 6937 2107 3087 7416
2379 2735 6914 2093 3128 7364
2327 2721 6942 2079 3077 7439
2346 2744 6923 2069 3105 7387
2393 2726 6970 2126 3142 7402
2360 2740 6932 2102 3073 7439
2365 2763 6895 2060 3091 7364
2365 2740 6951 2116 3101 7378
2341 2726 6961 2088 3109 7434
2365 2721 6904 2116 3156 7364
2337 2707 6947 2088 3082 7383
2388 2740 6895 2102 3114 7416
2318 2735 7036 2102 3114 7406
2398 2735 6904 2069 3077 7392
2384 2726 6904 2116 3138 7402
2299 2717 7045 2135 3105 7369
2351 2744 6923 2098 3100 7467
