2234 3170 7308 2459 2665 6871
2220 3185 7265 2478 2791 6914
2220 3161 7312 2463 2740 6895
2234 3166 7284 2463 2698 6853
2238 3138 7298 2496 2693 6886
2266 3166 7261 2515 2670 6932
2257 3142 7317 2463 2707 6923
2252 3119 7289 2482 2670 6932
2257 3100 7261 2482 2684 6881
2215 3133 7275 2524 2731 6956
2210 3175 7261 2520 2744 6848
2243 3156 7205 2426 2740 6881
2210 3156 7265 2463 2740 6867
2243 3156 7280 2459 2689 6918
2262 3128 7275 2463 2660 6914
2229 3133 7247 2468 2698 6890
2187 3138 7233 2478 2660 6895
2224 3161 7289 2454 2656 6961
2238 3152 7341 2459 2703 6904
2210 3124 7275 2506 2675 6881
2220 3114 7350 2449 2740 6895
2234 3142 7233 2459 2675 6890
2248 3166 7256 2463 2684 6909
2220 3105 7261 2463 2703 6942
2252 3105 7242 2435 2675 6871
2234 3147 7294 2510 2703 6918
2187 3147 7256 2501 2721 6932
2191 3175 7270 2402 2726 6904
2238 3138 7228 2459 2675 6904
2187 3138 7233 2468 2665 6914
2187 3114 7308 2463 2679 6918
2205 3170 7256 2496 2735 6937
2229 3109 7256 2449 2646 6970
2205 3124 7256 2459 2679 6904
2234 3185 7256 2454 2689 6881
2252 3124 7359 2445 2693 6871
2215 3170 7270 2463 2698 6961
2234 3175 7256 2440 2665 6904
2220 3166 7256 2468 2717 6909
2220 3128 7284 2473 2740 6895
2224 3166 7275 2463 2665 6890
2243 3142 7251 2459 2721 6951
2220 3189 7280 2468 2726 6909
2224 3128 7294 2473 2693 6904
2220 3142 7298 2510 2707 6942
2276 3156 7308 2492 2717 6937
2210 3133 7284 2506 2684 6881
2229 3170 7275 2454 2707 6900
2266 3142 7247 2449 2717 6932
2210 3166 7265 2520 2698 6989
