2332 2824 7176 2163 2951 7045
2323 2819 7214 2121 3058 7073
2332 2843 7190 2144 3012 7129
2360 2829 7195 2121 3030 7064
2337 2833 7125 2159 2955 7059
2337 2782 7181 2168 2998 7162
2327 2824 7172 2130 2998 7106
2341 2833 7162 2144 2960 7097
2356 2815 7200 2159 2993 7120
2323 2829 7209 2191 3021 7101
2313 2838 7190 2144 3026 7008
2299 2810 7190 2154 3035 7092
2257 2786 7172 2135 2983 7050
2341 2810 7153 2173 2946 7078
2337 2829 7181 2163 3021 7115
2295 2777 7223 2168 3021 7040
2295 2843 7172 2149 3002 7129
2332 2782 7223 2140 3040 7073
2327 2847 7176 2177 2988 7087
2323 2819 7144 2187 2974 7031
2351 2796 7181 2135 2974 7073
2356 2796 7153 2159 3021 7054
2341 2862 7106 2159 3016 7050
2379 2838 7176 2182 3016 7026
2323 2824 7233 2168 3026 7008
2374 2815 7219 2182 2983 7073
2337 2786 7148 2135 3054 7092
2332 2838 7158 2173 3021 7115
2290 2796 7176 2159 3063 7073
2356 2847 7256 2154 3021 7012
2309 2805 7209 2168 2983 7115
2304 2838 7125 2163 2979 7054
2351 2815 7111 2154 2998 6970
2370 2815 7214 2196 2965 7008
2332 2857 7219 2144 3012 7036
2337 2815 7195 2182 3007 7054
2351 2819 7261 2201 3026 7059
2337 2810 7233 2135 2993 7054
2356 2815 7219 2168 3002 7017
2351 2852 7200 2140 2993 7153
2313 2890 7158 2126 3026 7097
2365 2796 7115 2163 3007 7036
2360 2810 7237 2168 3058 7064
2346 2805 7148 2159 3021 7148
2351 2791 7172 2163 2998 7097
2309 2857 7190 2159 3044 7115
2337 2819 7125 2154 3007 7101
2341 2847 7209 2130 3016 7036
2332 2843 7181 2159 3026 7120
2346 2862 7209 2107 3030 7101
