1897 3335 6820 1845 3743 7195
1943 3306 6895 1845 3766 7167
1901 3330 6923 1756 3790 7134
1958 3297 6876 1812 3794 7237
1939 3349 6909 1850 3757 7242
1915 3330 6900 1817 3808 7242
1981 3330 6857 1784 3818 7242
1939 3339 6886 1821 3780 7153
1943 3344 6904 1845 3785 7186
1915 3325 6871 1807 3799 7176
1958 3367 6834 1821 3794 7153
1962 3325 6853 1821 3757 7205
1925 3306 6904 1854 3761 7214
1929 3339 6900 1836 3785 7186
1915 3316 6867 1803 3785 7158
1953 3325 6876 1812 3780 7195
1972 3260 6881 1817 3776 7237
1934 3316 6890 1812 3738 7134
1920 3292 6848 1868 3799 7261
1911 3297 6886 1840 3776 7200
1958 3344 6848 1803 3752 7265
1943 3283 6928 1821 3761 7205
1925 3302 6918 1798 3808 7214
1897 3335 6918 1798 3776 7162
1972 3306 6839 1784 3747 7209
1920 3358 6848 1817 3799 7209
1878 3344 6881 1793 3747 7148
1920 3353 6825 1878 3757 7242
1948 3264 6895 1817 3799 7181
1925 3339 6811 1836 3752 7237
1929 3372 6867 1854 3804 7181
1958 3297 6923 1812 3776 7294
1962 3297 6811 1798 3808 7162
1976 3311 6811 1850 3780 7228
1882 3377 6867 1854 3776 7223
1958 3306 6909 1826 3790 7214
1929 3311 6867 1775 3771 7251
1986 3335 6857 1812 3780 7265
1920 3349 6862 1845 3813 7205
1953 3311 6947 1798 3743 7205
1939 3330 6806 1803 3813 7209
1925 3363 6904 1836 3766 7176
1911 3288 6904 1770 3738 7205
1958 3321 6862 1859 3785 7190
1962 3316 6876 1845 3822 7233
1948 3339 6843 1873 3771 7181
1948 3330 6932 1803 3747 7200
1939 3321 6862 1789 3785 7195
1915 3330 6843 1793 3761 7195
1976 3321 6834 1793 3813 7280
