2060 3892 7331 1892 3283 6806
2154 3869 7261 1948 3325 6806
2018 3846 7294 1929 3306 6886
2112 3845 7265 1911 3330 6918
2084 3859 7298 1925 3321 6815
2027 3845 7233 1882 3288 6890
2055 3850 7233 1901 3316 6867
2107 3845 7219 1948 3316 6918
2116 3878 7228 1920 3316 6843
2107 3851 7233 1948 3335 6834
2135 3855 7256 1943 3321 6857
2102 3883 7326 1929 3335 6848
2079 3902 7256 1934 3335 6867
2112 3864 7303 1911 3302 6853
2112 3930 7336 1920 3335 6788
2112 3883 7270 1943 3288 6876
2135 3841 7312 1906 3321 6820
2126 3902 7261 1967 3306 6811
2093 3855 7190 1943 3306 6834
2069 3916 7265 1929 3302 6843
2140 3846 7270 1939 3339 6857
2130 3851 7172 1929 3306 6923
2055 3836 7261 1929 3316 6797
2126 3846 7242 1948 3316 6806
2112 3859 7233 1920 3311 6857
2163 3832 7280 1934 3316 6900
2107 3827 7345 1878 3306 6867
2069 3873 7228 1897 3306 6820
2107 3892 7219 1934 3311 6839
2168 3869 7256 1906 3321 6862
2079 3845 7294 1915 3306 6857
2144 3864 7256 1906 3316 6802
2107 3873 7186 1934 3264 6825
2144 3827 7209 1943 3339 6820
2149 3864 7265 1873 3302 6848
2116 3869 7345 1915 3316 6867
2074 3859 7322 1906 3302 6848
2130 3859 7214 1901 3330 6820
2163 3845 7280 1897 3311 6806
2098 3864 7265 1911 3316 6890
2098 3869 7294 1943 3330 6862
2121 3808 7256 1878 3353 6811
2098 3906 7331 1925 3321 6802
2116 3869 7294 1868 3311 6834
2093 3864 7289 1911 3306 6806
2121 3836 7275 1892 3311 6848
2098 3864 7317 1925 3302 6792
2084 3897 7209 1939 3302 6900
2121 3832 7298 1911 3292 6792
2088 3859 7228 1859 3297 6820
