1798 3442 7125 1897 3672 7017
1831 3471 7139 1892 3658 7003
1812 3466 7087 1887 3682 6984
1779 3419 7153 1873 3668 7012
1845 3452 7129 1915 3682 6942
1821 3414 7111 1939 3686 7008
1850 3438 7031 1915 3635 6965
1864 3433 7097 1873 3639 6923
1897 3410 7101 1859 3644 6993
1873 3457 7120 1911 3654 6975
1807 3438 7158 1906 3658 7059
1836 3466 7054 1925 3658 7017
1878 3475 7115 1868 3649 6979
1850 3424 7078 1901 3668 6909
1817 3447 7059 1887 3644 6947
1831 3433 7111 1901 3649 6970
1821 3410 7078 1915 3663 6965
1840 3466 7064 1920 3668 7022
1812 3433 7087 1897 3639 7026
1821 3405 7106 1929 3658 6956
1901 3353 7139 1897 3700 6937
1840 3452 7083 1882 3639 7012
1817 3414 7087 1892 3658 6951
1854 3466 7068 1901 3649 7017
1789 3410 7092 1901 3686 6965
1864 3442 7200 1920 3682 6984
1850 3410 7120 1873 3658 6965
1812 3503 7106 1906 3658 6900
1868 3428 7078 1911 3635 7040
1873 3433 7092 1915 3658 6914
1868 3433 7106 1915 3635 6961
1840 3447 7106 1878 3644 6942
1803 3442 7059 1887 3686 7022
1803 3447 7097 1915 3649 6961
1873 3419 7083 1882 3677 6965
1873 3414 7068 1892 3658 7008
1831 3461 7068 1882 3663 6989
1864 3442 7064 1929 3644 6914
1859 3419 7064 1897 3639 7059
1864 3405 7153 1887 3639 6956
1840 3396 7115 1925 3621 6928
1845 3452 7026 1920 3672 6961
1878 3410 7036 1911 3639 6989
1845 3442 7115 1892 3682 6975
1826 3433 7115 1882 3635 7003
1798 3457 7078 1920 3635 6937
1803 3410 7083 1882 3686 6928
1854 3419 7059 1887 3672 6918
1840 3405 7073 1892 3635 6961
1850 3447 7106 1920 3658 7064
