2013 3527 6778 1920 3841 7317
1990 3489 6853 1864 3771 7275
1981 3475 6839 1906 3836 7341
1999 3471 6797 1915 3818 7265
2018 3508 6769 1911 3724 7275
2023 3485 6778 1859 3804 7270
2008 3480 6834 1854 3766 7336
2023 3457 6820 1873 3827 7280
1958 3480 6778 1878 3771 7331
2004 3546 6829 1925 3776 7280
1994 3480 6783 1911 3845 7242
2018 3466 6797 1873 3804 7355
1990 3536 6815 1859 3794 7308
1990 3494 6792 1873 3851 7280
1962 3457 6684 1882 3850 7317
1962 3480 6815 1859 3818 7308
2004 3503 6825 1892 3818 7326
1990 3485 6713 1887 3808 7289
1999 3499 6792 1901 3813 7308
1995 3518 6745 1906 3813 7289
1995 3433 6815 1906 3776 7308
1994 3480 6727 1868 3813 7326
1990 3508 6769 1878 3794 7331
1999 3442 6857 1920 3790 7247
1981 3466 6764 1901 3790 7284
1990 3536 6783 1906 3804 7345
2013 3457 6811 1915 3832 7312
1953 3485 6843 1911 3808 7341
2013 3475 6839 1845 3841 7312
1995 3494 6806 1873 3799 7289
1958 3480 6760 1854 3799 7294
2008 3508 6857 1878 3841 7341
2004 3475 6760 1915 3818 7256
1939 3461 6811 1873 3808 7317
1995 3471 6731 1892 3818 7270
1999 3503 6839 1868 3761 7312
1976 3396 6802 1897 3794 7289
1990 3494 6760 1892 3818 7270
1999 3452 6741 1925 3804 7237
2018 3518 6745 1878 3859 7317
2008 3527 6853 1897 3827 7251
1990 3461 6783 1817 3822 7364
2041 3471 6750 1897 3827 7280
2004 3499 6745 1920 3851 7275
2023 3494 6797 1864 3832 7336
2013 3508 6750 1887 3832 7233
1990 3466 6825 1901 3761 7298
1994 3452 6811 1929 3808 7270
1990 3508 6769 1901 3776 7275
2018 3475 6703 1911 3845 7355
