1911 3766 7031 1831 3410 7092
1873 3766 7097 1798 3442 7064
1878 3724 7087 1812 3442 7068
1925 3761 7115 1751 3410 7068
1887 3738 7050 1840 3433 7073
1901 3757 7040 1789 3433 7012
1920 3757 7022 1803 3452 7068
1878 3738 7003 1840 3396 7139
1868 3771 6975 1807 3428 7101
1906 3710 7064 1817 3461 7087
1948 3771 6970 1784 3428 7153
1920 3766 7022 1803 3457 7106
1882 3757 7073 1854 3419 7083
1873 3794 7045 1784 3428 7087
1878 3719 7017 1817 3414 7040
1901 3719 7064 1817 3424 7144
1897 3743 7054 1798 3485 7073
1868 3686 7050 1779 3414 7059
1939 3733 7064 1850 3471 7115
1920 3776 7087 1779 3461 7078
1807 3780 7111 1807 3518 7097
1906 3766 7045 1803 3466 7106
1915 3743 7097 1798 3452 7115
1925 3771 7092 1817 3438 7092
1878 3766 7045 1817 3405 7059
1901 3771 6970 1784 3494 7068
1906 3771 7087 1845 3428 7120
1887 3761 7054 1789 3433 7078
1901 3743 7054 1817 3438 7162
1882 3729 7003 1826 3494 7054
1911 3771 7078 1746 3475 7097
1878 3743 7087 1807 3433 7120
1864 3738 7017 1798 3466 7087
1892 3752 7022 1821 3428 7115
1836 3808 7097 1812 3438 7120
1906 3724 7064 1775 3438 7083
1864 3776 7036 1807 3405 7064
1864 3743 7036 1798 3466 7195
1901 3776 7097 1779 3485 7097
1892 3780 7064 1784 3424 7087
1859 3729 7068 1807 3424 7125
1906 3738 7068 1817 3452 7115
1859 3715 7012 1812 3457 7101
1864 3757 7012 1789 3419 7111
1934 3729 7008 1770 3457 6993
1911 3761 7036 1831 3457 7162
1925 3738 6975 1845 3424 7115
1901 3738 7022 1793 3433 7223
1887 3724 7059 1868 3447 7129
1920 3776 7017 1817 3433 7003
