1793 3672 7233 1911 3541 6876
1798 3668 7247 1911 3503 6862
1775 3616 7219 1906 3489 6806
1742 3635 7228 1962 3513 6867
1746 3621 7186 1911 3541 6862
1770 3644 7209 1934 3536 6853
1737 3630 7223 1962 3560 6923
1803 3621 7223 1943 3560 6871
1812 3602 7190 1929 3536 6843
1700 3611 7205 1911 3518 6886
1751 3611 7176 1906 3527 6853
1723 3649 7205 1939 3518 6783
1812 3654 7186 1976 3546 6843
1761 3635 7256 1953 3550 6914
1793 3602 7195 1948 3546 6932
1812 3611 7223 1920 3508 6918
1807 3616 7195 1939 3550 6843
1732 3625 7223 1953 3555 6843
1789 3635 7233 1901 3522 6923
1826 3593 7247 1925 3546 6895
1807 3658 7228 1887 3532 6811
1756 3649 7219 1939 3550 6839
1728 3677 7153 1920 3503 6829
1784 3621 7237 1925 3522 6853
1826 3621 7190 1911 3480 6890
1807 3644 7228 1897 3518 6843
1704 3611 7233 1939 3494 6825
1756 3597 7228 1934 3522 6890
1746 3574 7214 1934 3536 6895
1732 3616 7209 1906 3518 6876
1700 3686 7261 1929 3489 6834
1761 3607 7228 1887 3518 6857
1840 3644 7275 1915 3527 6829
1789 3649 7214 1915 3522 6871
1812 3616 7237 1901 3522 6890
1732 3639 7233 1915 3522 6871
1765 3686 7153 1948 3532 6857
1761 3658 7181 1915 3503 6876
1746 3583 7172 1934 3508 6904
1723 3611 7237 1934 3508 6923
1690 3579 7205 1911 3499 6853
1681 3579 7167 1911 3536 6825
1789 3635 7223 1939 3550 6862
1817 3616 7205 1920 3546 6862
1812 3588 7200 1953 3494 6825
1789 3621 7181 1920 3522 6904
1761 3593 7261 1929 3518 6843
1850 3663 7097 1934 3508 6839
1817 3635 7214 1911 3541 6914
1803 3611 7214 1925 3513 6890
