1972 3588 6890 1765 3574 7223
1915 3527 6937 1803 3583 7205
1958 3550 6918 1751 3579 7209
1929 3532 6834 1761 3560 7256
1958 3532 6857 1761 3579 7195
1972 3541 6932 1751 3579 7247
1901 3574 6890 1798 3564 7200
1958 3527 6914 1756 3597 7228
1943 3518 6834 1770 3621 7200
1906 3518 6862 1821 3564 7176
1934 3560 6904 1770 3611 7205
1962 3508 6900 1765 3597 7209
1958 3513 6876 1737 3616 7172
1906 3513 6923 1779 3583 7228
1929 3513 6867 1789 3579 7247
1897 3518 6886 1756 3621 7298
1943 3522 6947 1765 3607 7265
1958 3564 6839 1761 3579 7228
1967 3532 6876 1765 3607 7186
1967 3555 6843 1775 3588 7251
1958 3583 6947 1746 3569 7181
1911 3494 6871 1775 3602 7162
1976 3564 6848 1742 3593 7167
1948 3560 6895 1784 3597 7237
1929 3588 6853 1765 3602 7219
1939 3522 6932 1770 3616 7186
1920 3564 6871 1756 3602 7190
1953 3560 6900 1775 3564 7261
1934 3555 6890 1775 3555 7205
1911 3550 6909 1803 3597 7228
1934 3527 6848 1775 3579 7181
1897 3560 6867 1779 3574 7176
1934 3541 6853 1756 3560 7242
1972 3518 6834 1779 3583 7172
1976 3503 6923 1779 3588 7242
1934 3536 6923 1761 3597 7219
1962 3532 6928 1784 3588 7209
1981 3466 6900 1779 3602 7205
1925 3560 6867 1784 3532 7228
1934 3499 6914 1784 3574 7251
1934 3532 6928 1746 3579 7270
1948 3508 6829 1770 3607 7233
1967 3579 6843 1723 3564 7195
1920 3593 6914 1742 3583 7219
1943 3546 6914 1775 3611 7237
1925 3555 6942 1746 3579 7251
1934 3532 6918 1770 3560 7205
1925 3579 6867 1761 3597 7200
1953 3555 6918 1718 3574 7209
1962 3560 6834 1737 3602 7190
