1779 3743 7317 1995 3410 6778
1746 3757 7280 1990 3396 6802
1751 3799 7270 1994 3461 6806
1746 3794 7247 1958 3466 6886
1742 3780 7312 1934 3480 6778
1770 3780 7242 1967 3433 6783
1765 3804 7219 1943 3461 6774
1746 3808 7308 1943 3419 6797
1803 3780 7242 2013 3400 6811
1732 3780 7294 2004 3419 6825
1798 3785 7265 1972 3489 6825
1807 3808 7280 1939 3414 6825
1765 3757 7326 1925 3461 6792
1784 3785 7275 1981 3438 6820
1793 3757 7369 1999 3452 6829
1765 3785 7298 1920 3419 6783
1770 3794 7275 1995 3442 6797
1784 3747 7312 1990 3414 6829
1770 3804 7289 1995 3494 6806
1770 3790 7326 1953 3419 6764
1793 3776 7322 1994 3442 6764
1770 3790 7284 1995 3438 6839
1798 3747 7284 1990 3452 6797
1817 3799 7326 1939 3471 6755
1784 3743 7251 1976 3503 6834
1770 3771 7219 1962 3442 6811
1775 3785 7237 1972 3405 6788
1784 3790 7294 1967 3410 6802
1732 3780 7345 1990 3405 6820
1737 3757 7247 1958 3424 6862
1798 3771 7247 1972 3405 6811
1793 3757 7223 1953 3485 6745
1812 3780 7280 1943 3489 6806
1807 3785 7270 1981 3428 6713
1742 3790 7251 1981 3419 6778
1775 3790 7251 1990 3405 6806
1793 3766 7331 1986 3405 6815
1775 3766 7284 1958 3447 6825
1751 3790 7242 1990 3457 6806
1817 3766 7256 1967 3489 6802
1798 3766 7247 1925 3471 6755
1775 3761 7242 1967 3400 6806
1765 3794 7308 1953 3353 6857
1765 3776 7303 1986 3424 6825
1807 3780 7298 1925 3414 6825
1746 3818 7294 1981 3424 6783
1812 3747 7214 1925 3372 6876
1779 3818 7270 1953 3471 6867
1798 3761 7312 1990 3419 6802
1751 3794 7341 1976 3386 6760
