2098 4216 6778 2032 4562 7326
2084 4234 6890 1990 4600 7237
2098 4215 6829 2055 4525 7326
2093 4271 6820 1958 4567 7387
2079 4253 6783 2004 4572 7308
2065 4216 6722 1990 4520 7303
2084 4206 6857 2041 4581 7425
2130 4234 6806 1953 4487 7294
2107 4225 6862 2046 4572 7355
2144 4211 6797 1958 4548 7402
2116 4211 6778 2023 4501 7378
2102 4220 6848 2032 4520 7336
2079 4286 6741 2055 4567 7289
2168 4262 6802 1934 4581 7341
2088 4220 6806 2041 4553 7331
2107 4192 6900 1990 4478 7312
2116 4206 6788 1994 4548 7355
2093 4215 6774 1990 4558 7284
2098 4215 6843 2046 4590 7326
2055 4225 6820 1953 4529 7373
2140 4253 6825 1994 4525 7322
2107 4239 6806 1972 4572 7359
2135 4248 6783 1986 4506 7331
2065 4253 6820 1948 4529 7383
2112 4215 6843 2013 4543 7345
2074 4271 6806 1948 4576 7331
2107 4229 6797 2018 4534 7322
2098 4225 6815 2013 4539 7326
2088 4220 6806 1999 4529 7369
2093 4229 6871 1986 4581 7298
2121 4225 6853 1953 4497 7392
2121 4234 6802 2018 4572 7284
2144 4229 6745 1994 4534 7350
2079 4253 6881 2060 4553 7341
2116 4257 6853 1976 4595 7364
2116 4239 6839 1990 4553 7364
2130 4234 6811 1925 4497 7364
2088 4215 6774 1976 4529 7369
2074 4169 6857 1995 4511 7294
2098 4262 6857 2051 4539 7355
2098 4211 6895 2027 4590 7317
2084 4253 6811 2013 4558 7326
2102 4248 6815 1972 4511 7397
2060 4281 6815 2051 4567 7312
2065 4211 6788 1925 4567 7359
2126 4211 6825 1976 4586 7317
2107 4267 6811 1948 4525 7326
2093 4234 6783 2060 4543 7350
2098 4220 6886 1990 4558 7350
2079 4215 6829 1967 4543 7331
