2032 4548 7350 1994 4113 6886
2032 4567 7322 1981 4070 6834
2023 4576 7247 1972 4084 6909
2060 4590 7261 1953 4080 6881
2008 4614 7284 1934 4099 6829
1976 4600 7261 1925 4117 6881
2023 4619 7308 1962 4103 6871
2060 4628 7228 1943 4103 6871
2037 4558 7214 1953 4150 6839
2027 4576 7298 1958 4084 6923
1990 4572 7331 1995 4141 6839
2027 4628 7275 1967 4141 6848
2046 4562 7251 1986 4164 6867
2013 4590 7200 1962 4094 6857
2032 4581 7251 1962 4066 6886
1994 4581 7312 1976 4089 6867
2018 4562 7280 1981 4136 6918
2046 4595 7317 1953 4056 6843
2032 4595 7355 1925 4122 6867
2060 4572 7326 1948 4122 6853
1986 4590 7294 1943 4113 6867
2069 4600 7280 1972 4094 6881
2041 4572 7308 1972 4099 6900
1986 4595 7341 1925 4131 6857
2041 4590 7251 1958 4127 6829
2041 4562 7284 1967 4066 6871
2051 4600 7261 1972 4117 6914
2046 4576 7280 1939 4117 6904
2008 4572 7265 1939 4080 6914
2032 4600 7294 1958 4113 6862
2008 4623 7289 1953 4117 6867
1999 4595 7317 1967 4108 6886
1990 4576 7280 1943 4113 6843
2004 4590 7317 1939 4131 6904
2032 4590 7331 1958 4080 6895
2027 4614 7355 1972 4113 6834
2023 4614 7298 1976 4047 6886
1994 4609 7341 1967 4080 6881
1986 4609 7345 1929 4122 6904
2046 4529 7336 1962 4145 6843
2046 4604 7345 1906 4099 6923
2018 4572 7331 1953 4070 6867
1995 4586 7345 1967 4145 6886
2041 4586 7237 1972 4113 6881
2008 4614 7312 1962 4094 6806
1986 4576 7341 1976 4075 6792
1995 4633 7341 1943 4117 6843
2027 4600 7373 1953 4136 6867
2046 4614 7289 1953 4117 6895
1990 4586 7312 1929 4094 6843
