1934 4127 7087 2168 4412 7087
1925 4145 7050 2187 4450 7087
1812 4192 7106 2107 4407 7120
1770 4183 7040 2191 4501 7158
1826 4192 7073 2107 4459 7148
1911 4220 7106 2102 4379 7115
1929 4174 7050 2121 4398 7134
1770 4215 7125 2163 4440 7134
1803 4155 7092 2154 4417 7125
1831 4108 7087 2107 4422 7139
1939 4197 7059 2140 4436 7064
1765 4211 7092 2149 4440 7139
1775 4183 7026 2220 4422 7092
1798 4197 7068 2140 4473 7134
1817 4131 7045 2126 4464 7144
1958 4164 7111 2126 4389 7073
1864 4178 7059 2107 4478 7054
1887 4145 7054 2116 4417 7129
1765 4188 7111 2107 4445 7092
1920 4220 7087 2126 4412 7097
1850 4178 7017 2144 4468 7078
1892 4197 7059 2116 4454 7068
1854 4197 7083 2093 4487 7092
1868 4164 7092 2163 4436 7050
1845 4169 7064 2220 4497 7054
1897 4178 7097 2126 4389 7097
1911 4159 7083 2121 4393 7073
1784 4141 7120 2130 4440 7040
1948 4174 7073 2140 4398 7022
1807 4169 7026 2102 4497 7050
1850 4174 7031 2168 4445 7073
1845 4155 7068 2135 4422 7083
1840 4174 7092 2088 4440 7101
1873 4216 7120 2102 4454 7106
1854 4169 7120 2168 4454 7111
1854 4174 7054 2107 4426 7129
1845 4141 7129 2126 4454 7068
1826 4192 7078 2168 4483 7158
1967 4216 7092 2126 4445 7111
1798 4229 7083 2168 4422 7125
1779 4164 7050 2093 4422 7125
1873 4183 7003 2116 4426 7106
1807 4141 7087 2102 4454 7092
1868 4150 7078 2126 4412 7125
1807 4174 7106 2102 4459 7040
1728 4188 7040 2102 4483 7054
1836 4188 7059 2140 4478 7097
1807 4164 7073 2121 4478 7101
1859 4211 7120 2130 4506 7087
1821 4225 7106 2126 4431 7101
