1850 4300 7336 2215 4342 6975
1854 4276 7275 2196 4318 7008
1836 4281 7280 2187 4342 6895
1821 4318 7275 2215 4276 7031
1807 4281 7326 2210 4342 6961
1873 4262 7350 2201 4304 6970
1873 4262 7247 2168 4332 6961
1845 4257 7270 2154 4314 7003
1821 4290 7223 2234 4271 6951
1882 4290 7331 2205 4318 7003
1882 4262 7298 2177 4332 6956
1854 4262 7284 2248 4332 6984
1845 4276 7265 2248 4295 6961
1859 4271 7275 2196 4304 6975
1878 4262 7308 2215 4314 6975
1807 4309 7289 2187 4323 6975
1868 4281 7280 2173 4304 6961
1868 4267 7247 2205 4309 6989
1859 4267 7270 2163 4318 6951
1845 4262 7256 2201 4314 6975
1864 4300 7214 2205 4323 7026
1836 4309 7284 2205 4318 6979
1859 4323 7247 2173 4257 7022
1878 4290 7341 2173 4304 6951
1868 4267 7289 2168 4379 6975
1882 4281 7308 2187 4318 7003
1864 4239 7265 2177 4262 7012
1821 4286 7261 2210 4337 6956
1854 4300 7289 2252 4295 6970
1859 4234 7261 2191 4304 6989
1882 4290 7284 2163 4318 7022
1859 4262 7233 2196 4328 6942
1859 4286 7167 2210 4314 6961
1897 4337 7251 2187 4257 7008
1868 4276 7242 2191 4323 6965
1840 4276 7247 2177 4262 6989
1911 4271 7233 2220 4309 6993
1873 4304 7195 2182 4300 6989
1817 4262 7242 2205 4304 6956
1906 4243 7205 2248 4323 7012
1840 4257 7209 2229 4309 6998
1845 4309 7242 2210 4248 6956
1901 4286 7345 2252 4314 7008
1807 4286 7336 2173 4295 7012
1873 4323 7364 2201 4304 6942
1878 4309 7298 2187 4318 6998
1868 4276 7223 2248 4342 6947
1854 4295 7308 2215 4286 6965
1878 4281 7247 2196 4309 6970
1859 4267 7359 2220 4314 6942
