1958 4150 6928 2084 4590 7298
2023 4127 6829 2013 4562 7256
1990 4108 6853 2027 4520 7233
1925 4108 6900 2032 4543 7256
1920 4066 6843 2069 4534 7190
1934 4159 6848 2051 4548 7242
1986 4136 6932 2074 4529 7228
1939 4084 6900 2102 4567 7237
1958 4122 6867 2093 4525 7308
1934 4174 6876 2098 4501 7270
1994 4108 6862 2079 4520 7242
1990 4113 6890 2060 4529 7256
2023 4122 6918 2055 4543 7237
2032 4113 6918 2032 4586 7270
1994 4131 6942 2084 4576 7237
2041 4145 6918 2084 4543 7228
1967 4113 6895 2046 4548 7280
1976 4089 6914 2069 4543 7242
1939 4155 6876 2074 4562 7233
2037 4099 6848 2060 4534 7242
2018 4188 6914 2046 4558 7308
1976 4131 6843 2055 4539 7205
1948 4122 6862 2060 4548 7251
1981 4103 6853 2055 4553 7242
1962 4131 6881 2079 4529 7223
2013 4108 6895 2032 4553 7280
1958 4094 6928 2060 4529 7195
1948 4099 6862 2041 4543 7242
2027 4108 6829 2093 4600 7205
1939 4127 6862 2032 4553 7233
2008 4117 6951 2046 4548 7256
1929 4141 6928 2079 4581 7275
1920 4113 6900 2055 4534 7195
1962 4159 6871 2069 4562 7242
1962 4117 6914 2037 4543 7270
1976 4117 6886 2041 4586 7280
1999 4141 6886 2060 4534 7284
1948 4145 6932 2032 4548 7275
1967 4141 6900 2060 4567 7289
2013 4117 6867 2065 4581 7308
1981 4150 6862 2041 4534 7280
2013 4155 6881 2032 4558 7298
1920 4075 6909 2102 4525 7265
1901 4094 6881 2041 4539 7265
2013 4122 6802 2046 4534 7294
1943 4080 6862 2069 4534 7298
2004 4122 6904 2069 4553 7294
2041 4099 6956 2079 4534 7190
2008 4099 6942 2079 4534 7247
1934 4150 6886 2102 4534 7251
