2084 4558 7430 2159 4216 6942
2088 4539 7387 2140 4211 6886
2098 4558 7425 2093 4243 6947
2088 4562 7434 2159 4229 6923
2060 4553 7444 2098 4220 6900
2060 4543 7430 2102 4271 6928
2079 4497 7444 2093 4253 6895
2112 4553 7411 2098 4229 6900
2093 4558 7378 2107 4229 6918
2069 4543 7378 2140 4229 6937
2088 4506 7425 2126 4239 6871
2116 4576 7402 2102 4239 6947
2065 4520 7406 2107 4234 6886
2041 4525 7303 2098 4229 6886
2088 4558 7383 2130 4220 6942
2107 4553 7402 2098 4220 6956
2084 4539 7369 2074 4229 6918
2069 4543 7378 2116 4202 6890
2074 4567 7448 2121 4215 6890
2093 4511 7406 2107 4267 6932
2084 4506 7359 2116 4220 6890
2079 4525 7378 2098 4253 6932
2074 4539 7387 2102 4225 6923
2079 4497 7378 2088 4215 6904
2069 4515 7444 2098 4239 6914
2084 4525 7331 2098 4220 6839
2098 4520 7406 2102 4239 6904
2079 4543 7392 2112 4262 6937
2074 4553 7383 2135 4220 6895
2088 4548 7355 2079 4220 6937
2098 4483 7387 2088 4253 6871
2079 4520 7444 2098 4239 6867
2084 4506 7364 2116 4220 6890
2084 4543 7373 2154 4220 6932
2088 4492 7397 2130 4271 6970
2098 4511 7416 2130 4220 6928
2065 4529 7411 2121 4253 6914
2093 4515 7402 2102 4234 6900
2088 4543 7322 2107 4225 6947
2093 4529 7416 2116 4243 6853
2069 4529 7411 2079 4211 6867
2098 4539 7411 2093 4220 6918
2065 4529 7383 2116 4257 6951
2093 4539 7331 2102 4290 6923
2037 4515 7359 2140 4215 6923
2069 4539 7341 2130 4202 6937
2065 4529 7350 2126 4262 6890
2102 4548 7387 2121 4271 6961
2055 4562 7355 2116 4253 6928
2060 4576 7359 2069 4271 6867
