2215 4506 7111 1859 4127 7129
2196 4459 7195 1807 4145 7087
2144 4478 7111 1897 4141 7022
2191 4515 7134 1864 4099 7036
2187 4567 7209 1854 4164 7083
2182 4525 7111 1901 4159 7040
2163 4515 7195 1840 4136 7022
2107 4506 7148 1868 4159 7008
2182 4539 7129 1798 4117 7083
2140 4468 7172 1864 4122 7045
2177 4497 7228 1840 4174 7125
2107 4520 7139 1826 4169 7073
2121 4511 7167 1897 4094 7097
2112 4497 7158 1854 4099 7083
2130 4558 7209 1864 4131 7092
2205 4506 7200 1859 4131 7050
2140 4454 7214 1868 4150 7064
2191 4492 7120 1798 4084 7045
2173 4534 7115 1878 4117 7073
2177 4511 7162 1859 4113 7031
2135 4501 7186 1878 4155 7120
2116 4525 7158 1878 4136 7012
2149 4492 7129 1821 4136 7097
2163 4529 7125 1859 4145 7059
2163 4558 7190 1873 4108 7036
2173 4497 7134 1897 4141 7040
2177 4483 7162 1887 4094 7106
2144 4497 7092 1761 4150 6993
2107 4515 7172 1803 4117 7064
2121 4487 7125 1859 4159 7078
2196 4525 7083 1864 4169 7026
2102 4534 7153 1836 4117 7078
2191 4529 7054 1770 4136 7101
2126 4534 7106 1789 4150 7031
2144 4506 7120 1901 4136 7078
2144 4572 7125 1915 4155 7078
2140 4520 7158 1868 4094 7045
2201 4543 7092 1906 4099 7120
2163 4525 7148 1882 4155 7054
2126 4529 7144 1798 4127 7097
2187 4539 7106 1873 4131 7050
2154 4539 7144 1892 4113 7083
2130 4511 7162 1803 4131 7050
2182 4543 7139 1836 4155 7064
2182 4534 7144 1718 4192 7111
2069 4600 7129 1854 4141 7134
2201 4492 7106 1831 4122 7073
2187 4576 7167 1826 4127 7045
2168 4515 7158 1845 4155 7083
2182 4511 7139 1826 4150 7087
