2309 4309 6956 1798 4262 7181
2309 4276 6895 1793 4239 7205
2360 4300 6923 1821 4234 7219
2304 4248 6923 1854 4234 7219
2266 4271 6904 1836 4234 7172
2346 4304 6947 1817 4229 7237
2304 4328 6909 1798 4229 7205
2290 4257 6918 1864 4276 7256
2299 4328 6923 1887 4248 7270
2295 4295 6909 1821 4243 7312
2290 4295 6900 1892 4257 7256
2313 4328 6937 1793 4257 7176
2332 4290 6904 1793 4239 7233
2337 4309 6928 1887 4248 7289
2327 4314 6904 1864 4216 7251
2327 4262 6942 1793 4220 7209
2299 4318 6923 1887 4253 7265
2351 4375 6937 1789 4234 7233
2360 4328 6956 1873 4243 7209
2323 4295 6918 1897 4248 7148
2281 4332 6942 1798 4243 7205
2313 4248 6979 1864 4286 7251
2281 4286 6979 1807 4229 7298
2337 4276 6923 1873 4216 7280
2295 4332 6937 1859 4262 7214
2318 4314 6909 1817 4229 7237
2285 4290 6918 1840 4229 7247
2295 4286 6970 1873 4248 7247
2304 4328 6923 1878 4234 7233
2281 4295 6979 1915 4225 7181
2323 4309 6853 1836 4229 7167
2285 4304 6904 1878 4248 7251
2295 4314 6923 1821 4239 7265
2346 4281 6918 1859 4229 7247
2313 4300 6937 1906 4215 7233
2309 4290 6932 1939 4229 7205
2276 4262 6961 1850 4257 7256
2318 4286 6909 1850 4234 7237
2327 4300 6914 1836 4239 7237
2313 4332 6932 1892 4253 7251
2290 4243 6923 1807 4215 7265
2337 4314 6914 1850 4229 7242
2295 4271 6937 1887 4234 7242
2337 4314 6881 1850 4229 7153
2323 4304 6928 1868 4234 7242
2313 4248 6886 1878 4281 7303
2304 4314 6998 1850 4234 7195
2276 4318 6909 1831 4248 7275
2290 4351 6942 1854 4220 7228
2290 4286 6932 1925 4267 7251
