2027 4080 8269 2163 3644 7997
2051 4094 8198 2168 3672 8020
2027 4089 8226 2112 3719 8001
2074 4056 8198 2098 3705 8053
2013 4164 8179 2144 3658 8011
2051 4117 8208 2159 3644 7964
2027 4094 8217 2130 3719 8076
2023 4127 8151 2135 3621 8029
2051 4103 8203 2177 3621 8034
2018 4084 8194 2163 3639 8029
2013 4108 8259 2168 3677 7936
2046 4145 8184 2159 3672 8039
2027 4103 8231 2168 3654 8067
2032 4089 8170 2135 3635 8029
2032 4122 8315 2144 3625 7997
2027 4113 8259 2154 3663 8011
2008 4113 8222 2107 3649 7954
2018 4136 8208 2168 3654 8053
2004 4080 8161 2135 3672 7959
2023 4117 8240 2135 3649 8043
2041 4113 8245 2144 3644 8058
2046 4094 8231 2205 3630 8006
2032 4127 8283 2140 3682 8011
2013 4089 8283 2168 3686 7992
2055 4127 8231 2173 3630 8043
2055 4113 8278 2191 3654 8058
2041 4108 8212 2154 3639 7987
2027 4070 8236 2173 3677 8034
2023 4066 8287 2177 3635 8081
2032 4122 8179 2159 3649 8025
2023 4131 8194 2116 3597 8015
2060 4113 8226 2093 3649 8025
2060 4122 8255 2130 3677 8029
2004 4122 8198 2140 3649 8058
2046 4089 8175 2149 3644 7997
1999 4127 8259 2159 3663 8025
2055 4108 8245 2144 3658 7987
2037 4094 8175 2182 3663 8006
2008 4094 8255 2112 3616 7997
2046 4113 8236 2102 3644 8006
2013 4103 8203 2121 3658 7997
2037 4108 8236 2163 3602 8029
2018 4122 8245 2121 3639 7964
2088 4108 8236 2173 3663 8053
2041 4103 8231 2159 3654 7968
2032 4117 8329 2088 3654 8015
2046 4136 8179 2098 3649 8020
2055 4099 8240 2149 3607 8020
2027 4117 8151 2149 3630 8053
2023 4052 8236 2107 3630 8043
