2234 3719 8147 2018 3911 8020
2149 3752 8100 2074 3967 8095
2191 3729 7997 2027 3939 8119
2177 3747 8090 2013 3902 8043
2201 3715 8034 2013 3892 8086
2224 3738 8076 2032 3916 8025
2163 3780 8076 2046 3892 8128
2205 3700 8109 2032 3911 8034
2177 3776 8128 2041 3916 8034
2177 3752 8109 2051 3887 8034
2215 3766 8170 1990 3878 8076
2196 3776 8090 2018 3911 8058
2191 3747 8053 2032 3902 8067
2220 3776 8058 2023 3878 8133
2196 3780 8067 1994 3906 8053
2201 3761 8062 2004 3916 8072
2191 3776 8151 1990 3887 8062
2182 3790 8001 2051 3897 8114
2177 3747 8067 2013 3934 8025
2201 3794 8109 2004 3916 8076
2163 3766 8119 2023 3911 8020
2191 3743 8104 2004 3906 8053
2196 3785 8067 2004 3878 8062
2215 3738 8156 2023 3930 8067
2191 3729 8165 1994 3897 8058
2182 3785 8095 2023 3873 8123
2177 3743 8053 2041 3916 8053
2210 3729 7997 2037 3897 8034
2210 3743 8114 2023 3916 8086
2191 3790 8161 2046 3887 8067
2201 3752 8123 2055 3906 8114
2215 3738 8015 2023 3906 8090
2238 3761 8133 1999 3869 8072
2229 3761 8109 2023 3911 8100
2229 3846 8109 2018 3902 8058
2187 3710 8100 2023 3939 8128
2215 3752 8053 2004 3906 8081
2205 3827 8034 2023 3902 8119
2196 3780 8100 2037 3902 8034
2210 3785 8067 2060 3892 8039
2238 3776 8034 2008 3892 8104
2187 3780 8161 2004 3892 8029
2220 3785 8179 1994 3864 8114
2191 3752 8053 2013 3925 8029
2215 3743 8062 2013 3902 8043
2238 3757 8053 1994 3911 8119
2229 3785 8081 2018 3897 8062
2220 3804 8076 2027 3892 8090
2191 3766 8006 2013 3878 8058
2187 3761 8043 2032 3911 8104
