2177 3583 7898 2079 4033 8287
2201 3616 7926 2069 4042 8357
2159 3532 7973 2112 4009 8338
2149 3639 8001 2093 4056 8301
2163 3588 7917 2084 4009 8283
2177 3593 7964 2055 4038 8236
2177 3550 7917 2079 4066 8324
2149 3527 7954 2060 4019 8324
2154 3569 7964 2098 4019 8357
2182 3546 7922 2069 4028 8362
2154 3630 7912 2084 4033 8278
2173 3583 7950 2069 4019 8301
2177 3579 7964 2084 4005 8320
2163 3560 8053 2060 4014 8348
2182 3564 7987 2074 4038 8310
2154 3569 7912 2079 4038 8343
2135 3611 7964 2112 4047 8320
2154 3611 7992 2098 4014 8338
2135 3593 7922 2088 4019 8376
2154 3616 7931 2093 4023 8371
2159 3611 8001 2069 4028 8348
2149 3611 7982 2055 4061 8297
2168 3550 7917 2065 4028 8315
2149 3616 7936 2065 4019 8338
2159 3588 8015 2088 4014 8352
2173 3611 8001 2093 4061 8301
2159 3611 7950 2098 4080 8324
2182 3579 7945 2079 4052 8315
2159 3611 7893 2060 4042 8404
2140 3550 7950 2112 4038 8348
2168 3593 7954 2088 4005 8366
2140 3564 7945 2079 4019 8306
2168 3579 7940 2051 4056 8296
2177 3569 7870 2074 4052 8324
2187 3579 8011 2046 4005 8324
2144 3607 8001 2046 4047 8301
2144 3574 7912 2079 4047 8338
2168 3588 7978 2098 4023 8357
2163 3569 7926 2093 3995 8287
2144 3555 7922 2088 4028 8352
2168 3583 7997 2069 4005 8273
2187 3583 7973 2074 4000 8315
2168 3574 7978 2079 3995 8334
2177 3602 7997 2093 4047 8348
2182 3560 7922 2079 4042 8315
2187 3597 7931 2098 4009 8320
2187 3597 7931 2065 4023 8348
2159 3621 7992 2088 4038 8315
2182 3532 7997 2051 4019 8348
2163 3546 7922 2074 4038 8376
