1981 3780 7936 2243 3977 8273
1990 3743 7884 2191 3944 8287
1995 3771 7936 2173 3897 8301
1995 3799 7982 2243 3939 8315
1994 3776 7968 2187 3916 8296
2004 3752 7917 2168 3864 8283
1994 3799 7851 2201 3920 8297
1981 3761 7950 2182 3878 8320
1999 3724 8001 2196 3934 8301
1999 3776 7964 2201 3916 8264
1995 3757 7978 2182 3920 8296
2018 3771 7954 2173 3892 8273
1999 3790 7950 2229 3939 8320
1990 3747 7973 2196 3902 8310
1995 3729 7879 2229 3948 8348
1999 3776 7903 2205 3916 8222
1999 3743 7931 2210 3930 8273
2004 3733 7889 2196 3883 8297
1995 3766 7997 2163 3911 8264
1990 3761 7959 2220 3911 8315
2004 3766 7917 2238 3864 8315
2008 3710 7912 2210 3972 8320
1981 3785 7907 2196 3911 8255
2013 3771 7950 2196 3925 8338
2018 3743 7893 2252 3902 8306
1986 3776 7940 2191 3920 8301
1981 3832 7959 2191 3953 8315
2023 3752 7959 2210 3920 8315
1990 3752 7879 2187 3930 8283
1981 3757 7973 2187 3906 8338
1972 3785 7959 2177 3906 8296
2004 3799 7940 2266 3925 8278
1972 3757 7945 2191 3859 8278
1995 3757 7950 2252 3916 8259
1990 3766 8034 2210 3869 8343
2004 3761 7950 2229 3916 8255
1990 3752 7973 2224 3906 8352
1990 3785 7987 2205 3939 8329
1999 3790 7997 2210 3869 8306
1994 3752 7912 2234 3948 8297
1990 3771 8039 2224 3902 8273
1976 3813 7964 2257 3934 8278
2004 3799 7903 2191 3902 8278
1990 3743 7907 2196 3897 8297
1972 3766 7978 2224 3887 8297
1995 3808 7978 2220 3925 8320
2018 3799 7959 2243 3925 8240
1990 3804 7945 2196 3855 8287
2004 3790 7926 2163 3920 8301
2013 3761 7922 2248 3887 8315
