2055 3962 8297 2065 3621 7823
2116 4000 8287 2060 3513 7856
2074 3977 8278 2098 3518 7922
2107 4009 8273 2046 3546 7884
2116 3962 8287 2074 3536 7832
2121 3986 8371 2027 3536 7861
2069 3977 8301 2079 3564 7861
2084 3977 8324 2088 3546 7893
2069 3977 8297 2079 3541 7903
2088 3944 8343 2074 3555 7931
2079 3981 8255 2107 3569 7861
2112 3977 8278 2055 3579 7922
2107 3995 8273 2041 3569 7856
2112 3981 8306 2102 3555 7889
2102 3958 8264 2088 3550 7940
2079 3986 8255 2107 3555 7814
2107 4005 8301 2079 3555 7884
2107 4042 8348 2051 3532 7851
2116 3944 8278 2046 3555 7926
2116 3962 8306 2065 3579 7842
2130 3991 8264 2032 3593 7893
2121 4019 8423 2041 3569 7814
2098 4009 8343 2074 3583 7861
2107 3958 8297 2130 3560 7884
2107 3958 8264 2069 3541 7922
2154 4019 8301 2107 3574 7856
2121 3967 8255 2055 3564 7846
2088 3986 8399 2051 3541 7879
2121 3991 8296 2084 3564 7832
2144 4000 8296 2102 3593 7879
2140 4033 8264 2074 3532 7875
2098 4028 8278 2093 3588 7856
2135 4019 8250 2079 3513 7856
2074 3944 8301 2079 3564 7870
2130 3977 8292 2051 3541 7903
2135 3977 8338 2065 3583 7865
2107 4000 8245 2055 3550 7861
2093 3986 8301 2023 3579 7898
2135 3958 8301 2065 3518 7879
2088 3962 8352 2074 3597 7898
2107 3967 8404 2051 3555 7828
2084 3981 8259 2046 3536 7865
2121 4000 8362 2074 3518 7931
2102 4028 8306 2112 3602 7832
2088 3953 8348 2046 3532 7861
2093 3972 8310 2079 3546 7865
2093 4005 8324 2069 3611 7898
2116 3995 8240 2069 3579 7842
2121 3958 8324 2112 3588 7875
2112 4033 8320 2060 3564 7898
