1990 3869 8062 2112 3752 8123
1999 3887 8109 2173 3719 8067
2018 3911 8053 2196 3790 8090
2018 3864 8076 2191 3733 8081
2041 3920 8048 2196 3761 8142
2008 3902 8095 2163 3719 8043
1994 3925 8053 2201 3757 8137
2018 3911 8053 2224 3790 8212
2037 3864 8034 2163 3822 8025
2027 3930 8029 2187 3771 8109
2004 3939 8062 2173 3790 8039
2046 3916 8076 2177 3766 8062
1994 3934 8095 2149 3818 8119
2032 3977 8109 2196 3715 8090
2023 3878 8015 2130 3719 8062
2046 3897 8161 2187 3729 8048
2055 3934 8090 2191 3771 8072
2023 3911 8076 2196 3752 8123
2013 3925 8025 2159 3743 8076
1994 3878 8104 2187 3743 8067
2051 3887 8062 2154 3729 8076
2027 3902 8114 2191 3766 8076
2051 3934 8114 2177 3747 8039
2013 3925 8020 2182 3729 8114
1990 3902 8095 2196 3785 8006
1990 3925 8076 2177 3729 8104
1994 3948 8006 2187 3771 8086
1990 3920 8067 2159 3696 8114
2008 3911 8072 2182 3757 8006
1999 3841 8109 2154 3780 8043
1981 3887 8114 2149 3738 8142
2013 3883 8109 2130 3766 8039
2027 3939 8058 2154 3710 8081
1999 3948 8100 2168 3766 8100
2018 3920 8043 2220 3761 8072
1990 3930 8123 2215 3729 8039
2023 3869 8058 2173 3743 8011
1981 3911 8029 2177 3761 8086
2018 3906 8039 2173 3733 8067
2013 3855 8076 2205 3761 8119
1994 3883 8072 2243 3766 8029
2018 3930 8104 2159 3785 8062
2027 3911 8058 2215 3710 8142
1994 3864 8119 2182 3776 8104
2065 3864 8053 2163 3771 8081
2041 3873 8114 2182 3761 8086
2046 3883 8090 2130 3729 8072
1999 3906 8095 2168 3747 8090
1999 3869 8147 2182 3719 8086
2041 3902 8137 2126 3752 8043
