2173 3700 8015 1972 4070 8076
2163 3672 8072 1976 4038 8236
2205 3705 8062 1967 4009 8067
2187 3752 8114 2018 4052 8142
2173 3719 8119 1990 4052 8170
2220 3696 8015 1981 4033 8109
2201 3682 8067 1967 4075 8165
2205 3682 8043 1986 4047 8142
2224 3710 8043 1995 4019 8147
2220 3710 8053 1999 4028 8156
2168 3668 8039 1967 4019 8222
2191 3729 8072 2004 4052 8114
2201 3696 8086 1990 4028 8250
2187 3649 8025 1981 4014 8179
2173 3710 8034 1994 4033 8165
2187 3705 8072 1994 4052 8170
2182 3710 8109 1972 4052 8189
2177 3766 8020 1990 4042 8250
2201 3738 8015 2008 4038 8170
2177 3672 8043 1986 4070 8142
2196 3700 7940 2004 4042 8161
2196 3700 8001 1990 4023 8212
2182 3686 8015 1976 4014 8165
2191 3668 8015 1986 4009 8189
2149 3700 8020 1948 4009 8203
2159 3700 8053 1986 4028 8203
2205 3649 8095 1986 4052 8147
2182 3668 8076 1999 3991 8189
2215 3672 8053 1981 4061 8137
2201 3724 8100 1972 4056 8194
2177 3672 8039 1999 4023 8170
2182 3715 8034 1981 4038 8175
2187 3696 8048 1986 4042 8217
2210 3663 8029 2013 4028 8212
2205 3686 8081 2013 4047 8226
2210 3719 8114 1994 4028 8184
2177 3682 8067 1990 4038 8142
2173 3719 8034 1972 4075 8189
2177 3677 8053 1981 4094 8184
2159 3719 8020 1999 4019 8194
2163 3700 8011 1994 4033 8203
2135 3691 8034 1994 4038 8170
2210 3705 8039 1995 4061 8198
2159 3729 8006 1995 4042 8189
2224 3715 8048 1972 4056 8198
2210 3738 7987 1990 4033 8151
2154 3719 8067 1976 4052 8245
2173 3677 8058 1986 4014 8170
2182 3729 8067 1986 4056 8053
2182 3672 8034 1994 4061 8212
