2191 3883 8292 1990 3743 7856
2163 3897 8306 1999 3747 7940
2159 3939 8203 2046 3794 7879
2177 3902 8212 1990 3752 7907
2220 3916 8194 1990 3700 7903
2229 3883 8287 1986 3686 7950
2187 3939 8283 1990 3738 7870
2149 3906 8259 1994 3719 7875
2182 3939 8315 1995 3757 7865
2159 3958 8315 1990 3715 7879
2201 3939 8334 2004 3672 7870
2159 3920 8226 1999 3747 7870
2173 3944 8306 1981 3757 7903
2210 3962 8352 1986 3738 7861
2191 3911 8390 1972 3700 7846
2220 3925 8259 1986 3804 7917
2205 3953 8240 2004 3729 7907
2229 3962 8334 1981 3729 7917
2238 3948 8320 1995 3733 7884
2191 3958 8301 2004 3733 7903
2224 3939 8231 2004 3743 7926
2182 3920 8301 1976 3710 7870
2154 3977 8296 1986 3738 7907
2229 3962 8269 2013 3733 7912
2238 3958 8189 1990 3719 7893
2215 3939 8189 1990 3743 7973
2191 3962 8264 1995 3729 7814
2196 3939 8278 1994 3705 7898
2205 3939 8283 1994 3705 7879
2205 3991 8301 1999 3700 7968
2173 3948 8297 1990 3710 7842
2191 3939 8269 1994 3719 7865
2177 3892 8259 1986 3686 7959
2215 3939 8306 1986 3663 7950
2177 3906 8306 2004 3738 7846
2196 3906 8306 1981 3686 7926
2205 3958 8301 1999 3686 7912
2205 3892 8292 1995 3733 7875
2187 3906 8320 1990 3691 7884
2201 3986 8245 1990 3691 7922
2149 3920 8283 2004 3752 7856
2140 3944 8348 1981 3771 7875
2191 3911 8250 1981 3747 7828
2220 3916 8259 1999 3738 7875
2220 3967 8250 1994 3729 7912
2210 3953 8296 1995 3700 7898
2173 3916 8250 1990 3808 7879
2154 3953 8259 1981 3663 7893
2196 3887 8306 1990 3719 7912
2196 3934 8226 1994 3733 7893
