2023 5106 8114 1826 4745 8147
2046 5129 8119 1854 4755 8072
2079 5115 8109 1859 4680 8175
2079 5143 8081 1840 4708 8142
2018 5148 8086 1836 4773 8100
2093 5120 8194 1854 4783 8104
2008 5157 8194 1859 4759 8020
2032 5157 8104 1821 4708 8128
2032 5134 8114 1854 4759 8062
2023 5153 8137 1817 4731 7997
2065 5176 8236 1873 4750 8058
2065 5139 8151 1840 4759 8043
2051 5162 8184 1845 4694 8076
2088 5190 8109 1831 4708 8161
2051 5148 8100 1840 4806 8137
2069 5134 8133 1840 4731 8109
2084 5101 8151 1793 4792 8142
2084 5162 8161 1845 4740 8090
2079 5139 8170 1821 4731 8025
2008 5134 8090 1784 4783 8179
2055 5134 8133 1803 4750 8067
2055 5143 8114 1812 4769 8119
2041 5157 8114 1812 4736 8100
2008 5143 8198 1817 4736 8170
2032 5139 8043 1812 4736 8067
2051 5143 8198 1840 4797 8015
2041 5167 8100 1840 4736 8100
2046 5176 8104 1831 4703 8128
1994 5171 8156 1854 4755 8053
2051 5148 8123 1887 4717 8114
2008 5143 8114 1821 4759 8137
2055 5171 8137 1836 4797 8090
2084 5143 8203 1840 4745 8095
2065 5120 8179 1807 4755 8072
2023 5134 8109 1826 4745 8109
2027 5143 8104 1812 4750 8067
2046 5106 8123 1854 4764 8025
2060 5148 8104 1831 4740 8128
2051 5129 8198 1821 4764 8095
2046 5190 8128 1873 4759 8095
2051 5153 8142 1817 4769 8062
2069 5143 8072 1826 4740 8039
2037 5139 8137 1845 4712 8020
2046 5209 8053 1821 4801 8090
2037 5124 8109 1864 4769 8109
2027 5139 8100 1850 4731 8015
2060 5106 8137 1831 4722 7997
2004 5143 8109 1878 4717 8062
2098 5167 8142 1798 4750 8104
2023 5087 8104 1812 4778 8072
