1784 4745 8039 1958 5251 8264
1779 4731 7931 1999 5237 8231
1789 4745 7950 1948 5260 8203
1770 4731 7940 1986 5251 8236
1803 4703 7926 1990 5242 8255
1779 4764 7889 2004 5228 8250
1812 4773 7954 2004 5289 8296
1765 4726 7959 1995 5265 8240
1770 4708 7889 2018 5246 8255
1751 4759 7940 1972 5289 8222
1770 4689 7987 1976 5251 8212
1761 4717 7889 1990 5270 8269
1775 4740 7964 1958 5275 8236
1779 4755 7936 1981 5223 8264
1803 4736 7954 1976 5218 8189
1807 4703 7959 1986 5256 8184
1803 4745 7912 1999 5256 8208
1765 4769 7950 2008 5289 8170
1756 4703 7950 1995 5260 8245
1765 4665 7940 1990 5289 8240
1793 4736 7917 1999 5270 8208
1761 4726 8001 1994 5260 8179
1779 4740 7903 1995 5246 8264
1779 4712 7926 1990 5270 8278
1793 4717 7926 1990 5298 8240
1765 4778 7959 1995 5246 8231
1807 4740 7870 1994 5279 8240
1779 4745 7945 1994 5293 8208
1784 4755 7954 2008 5289 8165
1803 4764 7917 1990 5265 8184
1775 4698 7907 2013 5246 8203
1770 4745 7884 1994 5232 8198
1779 4717 7982 2004 5242 8184
1789 4722 7968 1958 5232 8222
1807 4736 7992 1967 5228 8259
1779 4694 7936 1981 5251 8170
1789 4740 7973 1962 5270 8137
1765 4750 7968 1986 5237 8198
1789 4745 7940 1995 5251 8175
1770 4726 7954 1995 5228 8222
1779 4708 7987 1990 5223 8175
1751 4755 7903 1990 5237 8226
1770 4750 7931 1999 5214 8133
1784 4764 7964 1981 5228 8231
1784 4722 7968 1999 5251 8189
1761 4750 7978 1986 5204 8156
1770 4717 7926 1995 5195 8175
1793 4717 8001 1981 5237 8133
1775 4787 7968 1953 5223 8292
1775 4740 7978 1995 5209 8231
