1995 4965 8161 1911 4923 7950
1976 4979 8161 1897 4942 7982
1967 4993 8212 1906 4956 7982
1986 4988 8179 1901 4965 7945
1967 4988 8264 1882 4961 7898
1967 4952 8165 1925 4942 7940
1986 4960 8142 1929 4966 7893
1995 4956 8184 1943 4952 7973
1990 5026 8203 1962 4956 8006
1986 4965 8217 1925 4965 7907
1990 4960 8156 1925 4960 7959
1972 4970 8189 1915 4974 7959
1972 4970 8156 1897 4942 7917
1981 4947 8175 1892 4965 7926
1994 4984 8203 1868 4952 7931
1990 4970 8212 1897 4956 7950
1958 5012 8179 1920 4928 7926
1994 4942 8236 1850 4961 7982
1990 4974 8222 1892 4923 7968
1967 5007 8245 1967 4947 7926
1958 4960 8142 1901 4961 7917
1972 5003 8175 1882 4933 7907
1953 4998 8198 1939 4960 7898
1990 4974 8203 1943 4961 7922
1990 5007 8179 1882 4947 7907
1958 5021 8255 1887 4952 7922
1994 5007 8147 1892 4974 7926
1976 4960 8128 1873 4960 7973
1995 4956 8212 1901 4923 7959
1976 4979 8179 1953 4961 7917
1995 4974 8179 1901 4947 7954
1990 4979 8189 1882 4965 7954
1995 4998 8156 1859 4956 7978
1995 4956 8142 1915 4965 7922
1981 4970 8264 1887 4952 7997
1994 4974 8123 1897 4966 7945
1948 5007 8133 1873 4933 7950
1972 4960 8217 1920 4942 8011
1976 4961 8161 1887 4937 7922
1990 4952 8203 1911 4952 7856
1986 5021 8189 1873 4988 7968
1972 4993 8240 1864 4933 7903
1976 4993 8203 1868 4937 8039
1986 4970 8217 1920 4956 7945
1995 5007 8189 1920 4942 7922
1995 4961 8156 1934 4984 7940
1995 4970 8222 1920 4961 7879
1981 4966 8165 1878 4937 7936
1994 4974 8179 1920 4942 7982
1990 4942 8245 1892 4961 7954
