1807 4839 7818 1958 5171 8264
1770 4853 7795 1995 5153 8273
1765 4862 7785 1986 5134 8273
1751 4900 7842 1986 5129 8259
1789 4820 7790 1976 5129 8264
1770 4839 7818 1976 5139 8301
1746 4839 7804 1972 5143 8226
1718 4872 7781 1981 5181 8255
1761 4806 7790 1967 5162 8278
1770 4886 7837 1962 5153 8283
1756 4848 7828 2004 5110 8287
1756 4853 7856 1934 5162 8269
1784 4839 7781 1995 5167 8273
1803 4825 7865 1986 5195 8320
1807 4830 7832 1967 5139 8236
1821 4830 7823 1994 5139 8292
1798 4839 7771 1972 5143 8231
1817 4858 7795 1948 5129 8310
1793 4844 7856 1994 5134 8283
1728 4853 7804 1943 5110 8189
1779 4848 7781 1981 5167 8273
1732 4853 7790 1972 5167 8301
1751 4853 7757 1995 5200 8278
1765 4801 7814 1972 5157 8184
1779 4820 7809 1986 5153 8231
1775 4858 7809 1972 5148 8245
1793 4839 7809 1967 5129 8240
1807 4862 7771 1943 5148 8301
1821 4876 7893 1948 5096 8250
1803 4816 7814 1990 5167 8297
1742 4900 7800 1995 5190 8245
1807 4834 7823 1972 5129 8212
1812 4848 7781 1995 5143 8297
1789 4834 7898 1967 5129 8226
1798 4862 7856 1990 5134 8292
1765 4881 7884 1953 5120 8329
1807 4769 7861 1976 5143 8292
1746 4825 7795 1990 5214 8240
1756 4881 7781 1958 5139 8245
1784 4872 7861 1981 5139 8245
1751 4876 7762 1948 5115 8292
1756 4801 7851 1972 5181 8269
1793 4848 7809 1986 5218 8175
1793 4834 7790 1990 5162 8231
1793 4844 7804 1995 5139 8269
1826 4853 7804 1986 5162 8222
1761 4825 7828 1994 5157 8278
1732 4872 7823 1972 5167 8310
1756 4914 7771 1962 5185 8222
1803 4872 7837 1972 5148 8226
