1868 4947 7950 1953 4979 8147
1915 4988 7865 1981 4970 8189
1929 4984 7893 1976 4965 8245
1920 4984 7997 1976 4979 8236
1915 4942 8001 1995 4979 8194
1915 4961 7917 1967 4960 8226
1901 4970 7922 1958 4966 8245
1911 4966 7912 1972 4998 8198
1948 4961 7968 1962 4933 8236
1906 4998 7940 1972 4965 8240
1859 4956 7968 1967 4952 8217
1892 5035 7940 1986 4956 8184
1920 4974 7879 1943 4974 8245
1911 5012 8015 1990 4988 8231
1915 5054 7997 1990 4965 8203
1882 4956 7950 1976 4984 8222
1906 4979 7898 1986 4984 8189
1920 4956 7987 1990 4979 8161
1887 4966 7959 1972 4960 8194
1901 4960 7954 1990 4970 8259
1887 4974 7936 1994 5003 8259
1887 4970 7978 1943 5003 8208
1911 4970 8001 1990 4966 8184
1906 4956 7968 1972 4993 8283
1920 4979 7926 1939 5012 8240
1901 4979 8039 1939 4961 8194
1901 5007 8015 1967 5021 8259
1892 4984 7954 2004 5012 8240
1873 5003 8015 1994 5003 8170
1878 5017 7898 1986 4970 8240
1897 4988 7973 1994 4984 8287
1939 4993 7968 1986 4966 8198
1906 4965 7987 1962 4965 8165
1911 4988 8015 1995 4984 8161
1929 4998 7926 1958 4993 8217
1934 5017 7931 1976 4961 8165
1915 4998 7987 1981 4984 8194
1901 4937 8001 1994 4974 8287
1920 4970 7973 1976 4952 8198
1878 4952 7936 1990 4970 8194
1920 4984 7968 1990 4998 8255
1915 4961 8062 1972 4933 8255
1887 4937 7982 1994 4998 8198
1925 4984 7978 1999 4952 8203
1915 4965 8020 1986 4961 8194
1948 4970 7968 1981 4970 8189
1920 5017 7936 1986 4979 8151
1887 4966 7968 1990 4942 8278
1929 4960 7940 1990 4974 8189
1873 4960 7973 1972 4952 8287
