1850 4769 8072 1976 5068 8072
1812 4801 8161 1972 5092 8151
1784 4764 8137 2004 5078 8053
1812 4811 8161 1967 5078 8076
1798 4792 8095 1990 5115 8053
1779 4783 8109 1967 5101 8053
1807 4820 8151 1943 5115 8072
1817 4792 8156 1948 5092 8067
1770 4811 8133 2051 5096 8095
1793 4778 8123 1967 5096 8058
1770 4834 8128 1981 5115 8076
1807 4830 8090 1990 5092 8090
1803 4801 8133 1976 5078 8086
1807 4839 8067 2008 5101 8109
1793 4778 8128 1967 5110 8086
1812 4755 8269 2004 5106 8133
1807 4769 8128 2046 5110 8165
1784 4745 8161 1967 5120 8114
1793 4830 8147 1953 5049 8147
1831 4820 8039 1948 5082 8095
1826 4787 8109 1999 5092 8128
1779 4773 8081 1948 5059 8119
1812 4792 8156 1962 5049 8025
1840 4806 8142 1934 5115 8114
1826 4778 8114 1948 5082 8015
1836 4778 8081 1929 5049 8076
1798 4825 8133 1981 5115 8104
1798 4769 8165 2008 5063 8090
1784 4811 8119 1995 5073 8039
1789 4792 8006 1962 5101 8109
1826 4839 8025 1981 5082 8081
1789 4792 8058 1967 5078 8123
1789 4820 8161 2032 5101 8011
1840 4797 8151 1925 5110 8043
1770 4839 8043 1999 5073 8048
1807 4816 8029 1981 5110 8128
1798 4820 8119 1999 5092 8025
1878 4792 8170 1976 5124 8123
1831 4811 8128 1986 5115 8081
1807 4867 8048 1976 5054 8114
1817 4811 8179 1995 5101 8109
1821 4820 8128 2027 5063 8119
1812 4801 8189 1976 5096 8114
1807 4820 8175 1986 5068 8058
1793 4778 8090 1976 5101 8086
1803 4783 8076 1994 5110 8109
1798 4820 8161 1939 5082 8095
1765 4825 8109 1958 5120 8076
1826 4787 8142 1994 5092 8081
1821 4778 8090 1967 5068 8072
