1990 5223 8147 1784 4801 7997
1999 5218 8222 1775 4769 7907
1953 5204 8264 1779 4811 7884
2023 5204 8231 1803 4769 7832
2027 5200 8292 1812 4759 7757
2004 5209 8278 1826 4797 7954
1999 5232 8259 1770 4844 7837
2027 5232 8283 1826 4811 7851
2013 5200 8306 1784 4787 7823
2013 5204 8240 1821 4787 7846
2008 5209 8250 1789 4825 7818
2008 5167 8264 1789 4745 7861
1999 5204 8287 1803 4825 7893
1990 5176 8296 1742 4825 7875
1990 5167 8231 1779 4764 7828
1967 5214 8278 1807 4820 7846
1972 5171 8269 1803 4811 7861
1990 5190 8306 1789 4801 7893
1953 5167 8184 1798 4787 7832
1981 5185 8306 1812 4806 7875
2004 5171 8296 1812 4792 7837
1990 5214 8179 1793 4839 7837
1981 5223 8170 1789 4778 7879
1994 5214 8250 1807 4820 7846
2004 5214 8278 1770 4792 7889
2018 5200 8343 1756 4792 7903
1976 5181 8226 1779 4816 7865
1986 5209 8297 1826 4792 7926
1999 5223 8287 1775 4759 7771
2018 5214 8273 1807 4830 7861
2004 5209 8255 1761 4825 7837
1990 5242 8222 1812 4778 7800
1995 5200 8217 1812 4816 7767
1999 5200 8273 1789 4811 7893
2041 5204 8269 1751 4787 7898
2023 5181 8269 1770 4801 7893
1994 5190 8273 1798 4801 7917
1994 5176 8292 1793 4783 7818
1999 5176 8283 1756 4816 7865
1972 5176 8287 1817 4806 7875
1990 5190 8292 1798 4834 7870
1999 5204 8198 1775 4783 7931
1999 5153 8297 1732 4811 7842
1999 5171 8273 1821 4783 7865
1994 5200 8194 1732 4825 7814
1999 5200 8194 1812 4834 7809
2008 5157 8287 1807 4806 7940
1995 5209 8264 1775 4830 7950
2008 5200 8264 1784 4759 7842
1994 5185 8217 1746 4787 7875
