2004 5223 8297 1793 4694 7926
2013 5223 8236 1718 4712 7926
2004 5246 8259 1807 4712 7978
2013 5317 8151 1807 4684 7978
2004 5237 8194 1779 4731 7978
1990 5246 8231 1737 4722 7968
2023 5284 8179 1817 4698 7926
2027 5223 8161 1751 4712 7931
2055 5260 8175 1765 4712 7954
2008 5260 8231 1756 4755 7950
1986 5223 8175 1770 4726 7959
2023 5237 8255 1756 4670 7875
2032 5279 8189 1751 4731 7954
1999 5242 8278 1775 4712 7964
1976 5251 8240 1807 4694 7912
1999 5260 8240 1765 4722 7926
2004 5256 8278 1793 4717 8015
2004 5265 8104 1789 4708 7954
1990 5204 8208 1728 4694 8058
2041 5209 8170 1761 4680 7931
1999 5256 8151 1803 4698 7926
1981 5214 8212 1756 4712 7926
1976 5265 8208 1798 4684 7973
1981 5270 8156 1756 4708 7968
2004 5284 8208 1840 4731 7931
1976 5223 8156 1836 4736 7898
1999 5270 8194 1807 4731 7992
1990 5270 8170 1793 4717 8001
1981 5256 8203 1807 4755 7954
2004 5209 8179 1789 4717 7945
1999 5279 8226 1784 4755 7997
1981 5270 8179 1746 4778 7907
1981 5275 8119 1793 4717 8015
2013 5242 8194 1821 4717 7931
2004 5321 8142 1775 4712 7912
2037 5237 8226 1789 4740 7931
2004 5270 8212 1798 4755 7912
2027 5279 8086 1723 4717 7964
1994 5228 8226 1798 4708 7964
2013 5275 8194 1779 4750 7917
2004 5265 8179 1732 4745 7898
1981 5242 8142 1779 4731 7917
1986 5246 8175 1793 4745 7968
2018 5246 8147 1817 4712 7950
2018 5237 8109 1732 4670 7968
1953 5242 8203 1779 4717 7964
1972 5246 8189 1779 4708 8006
2018 5209 8245 1817 4726 7889
1994 5251 8278 1723 4712 7954
1976 5237 8231 1765 4755 7931
