5331 1531 3953 5691 1742 3944
5321 1616 3991 5687 1695 3902
5326 1569 3977 5644 1718 3869
5344 1517 3948 5659 1746 3911
5358 1545 3967 5710 1761 3944
5358 1545 3981 5710 1653 3925
5303 1611 3962 5682 1751 3930
5377 1574 4000 5663 1728 3892
5307 1588 3972 5584 1685 3953
5363 1620 3986 5677 1704 3962
5312 1578 3962 5598 1709 3887
5335 1620 3962 5663 1671 3930
5293 1569 3944 5654 1775 3911
5354 1583 3892 5738 1770 3925
5317 1564 3962 5612 1681 3944
5330 1536 3962 5673 1704 3939
5358 1606 3986 5673 1761 3906
5349 1541 3977 5663 1751 3911
5340 1550 3967 5659 1685 3948
5331 1592 3958 5701 1671 3962
5330 1550 3986 5682 1732 3897
5330 1606 3977 5701 1714 3911
5377 1555 3906 5677 1704 3953
5312 1574 3967 5682 1714 3930
5396 1555 3962 5677 1737 3953
5349 1564 3967 5654 1709 3925
5312 1597 3925 5668 1812 3906
5349 1545 3953 5673 1700 3916
5298 1569 3944 5710 1732 3977
5415 1550 3958 5640 1676 3916
5312 1555 3925 5626 1728 3958
5391 1569 3902 5668 1704 3920
5312 1583 3934 5668 1681 3892
5344 1611 3977 5584 1671 3911
5363 1569 3972 5663 1709 3911
5415 1555 3930 5630 1737 3930
5330 1508 3930 5701 1653 3906
5275 1583 3972 5654 1704 3944
5340 1517 3944 5640 1812 3991
5335 1592 3986 5663 1709 3902
5317 1550 4009 5644 1779 3944
5344 1597 3986 5663 1676 3930
5303 1578 3920 5654 1671 3869
5358 1527 3967 5659 1765 3925
5368 1545 3977 5649 1765 3958
5289 1550 3986 5607 1657 3902
5368 1569 3958 5677 1685 3939
5326 1578 3953 5696 1737 3916
5321 1625 3930 5668 1695 3920
5330 1498 3967 5682 1807 3934
