5466 1746 3766 5480 1508 4014
5462 1746 3747 5546 1555 3986
5490 1770 3733 5560 1583 4038
5452 1709 3738 5574 1559 4014
5452 1784 3705 5504 1578 3991
5429 1789 3771 5518 1602 4047
5513 1784 3776 5499 1588 4028
5476 1732 3700 5537 1569 4005
5485 1765 3700 5466 1606 4033
5490 1737 3715 5560 1564 3972
5504 1775 3729 5569 1574 3991
5485 1746 3724 5584 1574 4000
5457 1742 3705 5579 1602 4047
5452 1770 3743 5527 1574 3981
5443 1728 3752 5555 1531 4009
5499 1751 3752 5560 1541 4023
5508 1756 3719 5499 1611 4038
5504 1770 3710 5523 1545 3977
5457 1775 3771 5579 1536 3995
5494 1798 3752 5593 1550 4028
5424 1737 3766 5527 1559 4023
5457 1751 3804 5537 1550 4061
5438 1770 3752 5504 1541 4033
5443 1765 3729 5555 1592 4019
5490 1751 3771 5616 1564 4052
5480 1761 3719 5546 1574 4014
5494 1751 3804 5513 1531 3995
5546 1742 3757 5551 1550 3977
5429 1765 3747 5532 1583 3977
5504 1793 3724 5494 1616 4014
5452 1761 3776 5518 1527 3972
5485 1746 3738 5523 1611 3967
5485 1756 3747 5518 1574 3986
5466 1784 3780 5593 1588 3986
5405 1779 3752 5508 1545 3972
5504 1779 3813 5551 1550 3981
5494 1765 3743 5527 1602 4052
5462 1775 3766 5546 1513 4005
5499 1728 3776 5494 1513 3967
5476 1775 3719 5588 1531 4005
5508 1742 3710 5518 1555 4005
5499 1756 3738 5508 1574 4042
5457 1789 3729 5565 1574 3977
5485 1765 3757 5598 1606 4000
5471 1728 3743 5513 1522 4005
5485 1737 3771 5616 1574 3981
5480 1761 3771 5565 1578 4028
5443 1784 3738 5584 1559 3977
5457 1732 3715 5551 1597 4014
5466 1765 3733 5518 1522 4028
