5588 1972 3700 5433 1400 4145
5649 1873 3644 5396 1433 4178
5616 1934 3677 5433 1428 4178
5612 1958 3644 5471 1428 4192
5588 1892 3649 5396 1442 4164
5598 1878 3715 5419 1419 4127
5593 1911 3616 5429 1405 4183
5659 1911 3729 5419 1423 4122
5593 1934 3663 5410 1400 4141
5565 1915 3686 5452 1414 4155
5602 1925 3658 5494 1428 4155
5598 1943 3700 5415 1447 4183
5584 1925 3668 5415 1391 4174
5584 1906 3686 5457 1437 4150
5602 1939 3719 5438 1391 4150
5663 1920 3658 5401 1386 4150
5612 1887 3654 5424 1419 4127
5602 1920 3682 5452 1405 4117
5598 1939 3700 5443 1437 4141
5607 1873 3691 5405 1419 4174
5612 1897 3682 5471 1414 4159
5621 1915 3644 5457 1405 4164
5607 1906 3644 5424 1428 4183
5574 1925 3696 5419 1447 4169
5569 1906 3710 5452 1433 4183
5588 1878 3682 5405 1405 4159
5616 1948 3715 5490 1400 4141
5598 1920 3672 5476 1423 4141
5555 1892 3635 5433 1367 4192
5579 1873 3611 5447 1409 4183
5668 1873 3761 5452 1419 4145
5635 1925 3677 5433 1423 4164
5584 1911 3663 5419 1414 4164
5640 1934 3644 5457 1419 4164
5626 1901 3686 5429 1433 4188
5574 1864 3710 5433 1414 4155
5635 1920 3668 5447 1423 4188
5640 1892 3700 5415 1452 4145
5579 1981 3715 5504 1414 4127
5612 1943 3658 5447 1414 4117
5598 1920 3621 5457 1391 4155
5607 1901 3686 5443 1372 4145
5630 1948 3654 5372 1428 4169
5659 1906 3738 5452 1452 4159
5598 1887 3635 5457 1381 4122
5607 1892 3644 5424 1409 4150
5598 1934 3682 5419 1400 4178
5640 1948 3668 5523 1414 4159
5602 1925 3672 5410 1395 4131
5593 1934 3691 5443 1400 4169
