5433 1555 4178 5827 1831 3845
5349 1517 4174 6094 1845 3790
5396 1522 4188 6118 1850 3808
5471 1536 4159 5705 1803 3841
5415 1513 4136 6075 1892 3766
5415 1517 4169 5729 1882 3799
5447 1550 4141 5790 1789 3822
5382 1564 4192 5724 1826 3822
5429 1550 4178 6067 1826 3832
5401 1517 4136 5724 1854 3851
5410 1527 4202 5748 1878 3808
5433 1527 4169 5743 1821 3813
5433 1494 4159 6085 1864 3841
5391 1527 4206 5870 1789 3799
5405 1498 4136 5691 1817 3804
5462 1508 4164 6071 1836 3813
5480 1550 4197 6174 1836 3864
5433 1522 4131 5776 1817 3846
5401 1517 4215 5790 1845 3887
5452 1536 4122 6113 1845 3818
5429 1536 4145 5705 1887 3818
5438 1550 4131 5696 1817 3851
5443 1588 4188 5635 1840 3836
5438 1517 4174 5715 1882 3822
5443 1578 4192 5743 1901 3859
5443 1564 4220 5729 1850 3832
5415 1541 4164 5724 1878 3855
5443 1517 4164 6132 1826 3855
5387 1522 4141 5743 1850 3845
5452 1555 4150 6062 1873 3804
5447 1569 4220 5785 1803 3864
5349 1466 4188 5705 1845 3841
5419 1503 4169 5884 1901 3813
5462 1531 4169 5668 1887 3818
5396 1550 4127 5771 1812 3845
5405 1555 4174 6108 1812 3878
5401 1513 4136 5926 1817 3846
5396 1531 4150 5710 1826 3846
5424 1513 4155 5762 1854 3859
5387 1550 4174 5776 1901 3911
5424 1555 4117 5724 1850 3850
5457 1531 4178 5682 1821 3832
5410 1545 4188 5785 1873 3850
5401 1564 4159 5748 1836 3813
5405 1517 4174 5729 1793 3836
5466 1536 4174 6076 1831 3799
5462 1494 4089 5757 1854 3855
5372 1536 4159 5785 1845 3855
5429 1555 4174 6132 1850 3813
5415 1541 4127 6080 1901 3813
