5771 1718 3897 5330 1578 3851
5677 1685 3887 5326 1667 3953
5668 1775 3930 5330 1695 3948
5682 1723 3902 5265 1597 3878
5687 1681 3906 5317 1634 3869
5687 1718 3911 5317 1616 3832
5729 1746 3944 5326 1639 3920
5687 1714 3948 5340 1592 3836
5705 1765 3911 5289 1643 3878
5715 1718 3958 5363 1639 3832
5644 1756 3995 5354 1653 3836
5659 1751 3887 5331 1643 3827
5720 1690 3948 5298 1616 3906
5701 1798 3911 5335 1639 3911
5654 1779 3878 5275 1616 3859
5691 1714 3920 5358 1662 3859
5663 1695 3892 5331 1653 3850
5691 1742 3925 5307 1588 3911
5743 1695 4014 5331 1639 3869
5691 1700 3972 5326 1662 3859
5668 1751 3934 5363 1592 3822
5743 1681 3906 5298 1667 3892
5640 1690 3916 5363 1648 3958
5682 1746 3939 5256 1634 3873
5748 1714 3911 5331 1592 3873
5677 1728 3948 5321 1620 3850
5649 1765 3953 5298 1620 3930
5752 1709 3972 5326 1634 3911
5691 1718 3906 5387 1624 3841
5705 1709 3953 5372 1625 3873
5701 1770 3944 5321 1629 3911
5673 1737 3920 5377 1588 3930
5701 1695 3934 5335 1620 3850
5724 1742 3939 5303 1657 3813
5757 1704 3991 5284 1611 3911
5715 1737 3916 5340 1653 3897
5659 1765 3911 5331 1620 3925
5766 1709 3920 5335 1597 3944
5715 1728 3911 5368 1657 3972
5668 1723 3920 5275 1634 3827
5720 1723 3873 5312 1620 3911
5710 1737 3962 5293 1624 3869
5696 1737 3948 5289 1634 3869
5701 1700 3944 5354 1648 3822
5762 1732 3902 5344 1639 3855
5701 1761 3944 5344 1634 3920
5710 1714 3906 5335 1634 3939
5710 1742 3892 5335 1629 3851
5705 1695 3930 5312 1653 3855
5766 1728 3944 5298 1662 3851
