5499 1550 4038 5494 1704 3715
5490 1634 4028 5480 1732 3682
5537 1545 4108 5523 1723 3700
5584 1574 4042 5504 1728 3677
5527 1606 4061 5518 1728 3719
5584 1625 4056 5480 1742 3677
5569 1657 4061 5429 1723 3700
5532 1602 4066 5490 1709 3677
5504 1564 4061 5508 1728 3639
5555 1578 4099 5424 1704 3710
5532 1550 4042 5466 1671 3733
5523 1602 4080 5518 1718 3696
5546 1588 4108 5485 1751 3715
5584 1574 4080 5480 1761 3649
5593 1602 4075 5518 1714 3682
5494 1555 4113 5471 1737 3630
5480 1611 4042 5532 1671 3658
5584 1564 4038 5471 1732 3672
5565 1597 4066 5480 1690 3686
5494 1611 4052 5499 1728 3663
5579 1597 4033 5466 1709 3705
5523 1578 4014 5466 1653 3644
5546 1616 4019 5485 1779 3715
5513 1611 4080 5513 1718 3658
5541 1574 4066 5485 1751 3719
5518 1555 4080 5494 1737 3682
5532 1588 4066 5494 1704 3654
5560 1592 4023 5480 1718 3710
5466 1555 4108 5508 1704 3691
5584 1611 4052 5527 1732 3752
5541 1559 4075 5471 1700 3644
5579 1578 4056 5466 1704 3696
5527 1564 4075 5480 1737 3682
5537 1611 4084 5499 1690 3672
5546 1648 4042 5504 1709 3691
5560 1616 4056 5508 1779 3752
5518 1629 4052 5513 1700 3710
5494 1602 4028 5490 1765 3700
5537 1588 4066 5508 1742 3686
5518 1522 4099 5457 1714 3686
5588 1559 4014 5490 1737 3715
5565 1574 4117 5541 1751 3700
5532 1606 4033 5532 1671 3654
5508 1592 4052 5480 1746 3691
5598 1602 4084 5410 1690 3715
5574 1606 4066 5504 1723 3710
5537 1569 4056 5462 1704 3691
5523 1578 4052 5490 1676 3738
5551 1574 4019 5433 1728 3696
5518 1611 4056 5429 1723 3691
