5851 1854 4089 5321 1498 4099
5832 1962 4131 5401 1559 4075
5813 1892 4080 5415 1536 4117
5856 1850 4089 5368 1480 4122
5748 1859 4099 5354 1569 4127
5762 1948 4113 5326 1527 4178
5780 1939 4070 5433 1574 4113
5776 1972 4075 5377 1578 4108
5804 1934 4084 5354 1545 4099
5799 1915 4038 5410 1545 4103
5837 1943 4042 5368 1574 4061
5785 1868 4103 5368 1517 4122
5790 1882 4080 5377 1559 4155
5856 1943 4047 5368 1536 4080
5785 1887 4094 5424 1494 4155
5766 1887 4188 5340 1527 4094
5804 1897 4005 5419 1545 4141
5813 1925 4117 5391 1484 4155
5757 1939 4066 5358 1545 4150
5762 1925 4099 5344 1555 4113
5823 1953 4183 5330 1508 4122
5785 1892 4066 5344 1555 4094
5809 1892 4042 5401 1555 4113
5780 1868 4113 5307 1498 4099
5856 1929 4136 5321 1527 4117
5795 1878 4108 5326 1531 4066
5841 1897 4056 5396 1522 4099
5856 1897 4089 5358 1513 4103
5776 1958 4061 5321 1508 4117
5870 1920 4080 5344 1559 4084
5809 1873 4075 5391 1503 4066
5799 1892 4113 5331 1541 4136
5827 1859 4033 5372 1527 4127
5762 1897 4075 5368 1541 4141
5785 1934 4080 5410 1541 4113
5766 1943 4038 5354 1513 4084
5752 1929 4099 5405 1564 4127
5752 1906 4075 5387 1531 4159
5809 1958 4066 5377 1522 4122
5818 1925 4113 5372 1564 4099
5780 1967 4113 5368 1517 4113
5776 1934 4084 5401 1555 4159
5766 1920 4070 5358 1503 4164
5818 1943 4056 5321 1564 4145
5799 1943 4080 5377 1559 4178
5780 1943 4103 5354 1550 4150
5799 1915 4066 5358 1555 4169
5832 1962 4061 5358 1508 4099
5827 1953 4094 5405 1470 4117
5790 1943 4099 5363 1588 4131
