5508 1480 4192 5607 1939 3621
5490 1503 4183 5696 1892 3668
5443 1447 4211 5635 1920 3639
5452 1508 4159 5635 1892 3635
5452 1498 4164 5630 1864 3635
5471 1480 4197 5607 1868 3668
5466 1494 4188 5635 1943 3668
5471 1442 4183 5630 1915 3658
5513 1442 4169 5659 1925 3635
5471 1423 4122 5569 1939 3668
5504 1391 4192 5644 1967 3630
5485 1513 4188 5607 1962 3611
5443 1475 4145 5630 1976 3635
5494 1498 4159 5607 1962 3630
5499 1494 4178 5588 1892 3630
5471 1447 4169 5663 1934 3663
5508 1456 4164 5616 1929 3635
5466 1456 4206 5612 1939 3644
5518 1428 4164 5626 1892 3658
5490 1442 4202 5565 1897 3644
5508 1489 4183 5663 1878 3663
5513 1475 4145 5663 1995 3672
5447 1442 4216 5630 1897 3686
5462 1428 4174 5626 1887 3682
5471 1466 4131 5602 1967 3625
5499 1428 4202 5663 1939 3672
5438 1452 4183 5626 1878 3644
5471 1517 4174 5602 1976 3672
5466 1414 4202 5626 1972 3668
5462 1503 4220 5598 1981 3654
5447 1447 4155 5701 1934 3649
5499 1409 4192 5654 1906 3635
5480 1527 4145 5659 1911 3597
5508 1522 4206 5659 1911 3630
5429 1484 4202 5626 1943 3668
5471 1414 4164 5612 1911 3630
5452 1489 4220 5663 1958 3644
5457 1508 4150 5626 1948 3668
5490 1489 4220 5616 1953 3686
5447 1456 4206 5673 1873 3658
5508 1419 4192 5607 1906 3639
5438 1456 4178 5574 1901 3635
5452 1494 4192 5579 1953 3639
5471 1466 4174 5668 1854 3696
5471 1494 4197 5616 1953 3635
5471 1466 4183 5635 1906 3668
5433 1489 4197 5649 1915 3696
5513 1452 4131 5602 1958 3597
5504 1428 4169 5640 1934 3621
5471 1475 4150 5630 1864 3649
