5284 2182 3546 4965 2187 3569
5335 2098 3522 4961 2149 3583
5317 2163 3480 5003 2173 3555
5251 2187 3532 4961 2210 3579
5284 2187 3541 4961 2168 3593
5307 2159 3452 4933 2168 3593
5326 2163 3485 4952 2191 3602
5298 2144 3532 4970 2238 3588
5326 2130 3532 4970 2191 3635
5279 2173 3518 4979 2196 3564
5270 2135 3503 4937 2191 3686
5256 2130 3522 4947 2201 3602
5317 2121 3513 4961 2201 3579
5279 2140 3503 4993 2215 3555
5335 2187 3508 4947 2220 3550
5307 2191 3518 4933 2168 3625
5251 2177 3522 4965 2205 3550
5293 2159 3489 5003 2220 3579
5317 2182 3513 4956 2187 3569
5298 2121 3494 4993 2182 3564
5270 2140 3485 4965 2196 3654
5326 2191 3494 4942 2163 3588
5312 2177 3494 5012 2229 3593
5303 2149 3480 4966 2229 3625
5321 2173 3522 4960 2154 3560
5279 2191 3541 4937 2182 3597
5256 2102 3513 4947 2140 3602
5307 2130 3522 4933 2182 3630
5312 2159 3522 4933 2187 3550
5303 2177 3508 4942 2196 3527
5317 2159 3508 4966 2187 3621
5275 2144 3546 4966 2187 3597
5270 2182 3513 4923 2187 3574
5293 2149 3499 4970 2159 3569
5275 2168 3532 4960 2201 3555
5303 2159 3518 4970 2215 3583
5354 2163 3536 4947 2224 3579
5326 2154 3485 4952 2210 3579
5321 2177 3461 4966 2224 3564
5251 2130 3499 4933 2182 3607
5331 2135 3513 4974 2234 3588
5275 2130 3503 4952 2177 3607
5335 2163 3508 4965 2159 3579
5331 2154 3442 4952 2168 3625
5289 2187 3494 4998 2210 3579
5256 2177 3480 4961 2234 3583
5340 2149 3522 4952 2224 3654
5317 2149 3513 4923 2215 3607
5317 2173 3513 4905 2224 3569
5330 2149 3536 4952 2205 3569
