5494 2285 3410 5003 2069 3780
5443 2323 3400 4947 2023 3790
5490 2243 3424 4961 2013 3757
5419 2318 3344 4952 2084 3785
5438 2262 3382 4970 2074 3780
5358 2327 3386 4998 2041 3780
5480 2234 3363 4970 2051 3794
5377 2276 3377 4960 2088 3752
5424 2309 3424 4914 2027 3729
5443 2281 3410 4923 2079 3719
5410 2299 3396 4998 2093 3761
5457 2276 3405 4974 2055 3785
5494 2365 3414 4933 2032 3790
5447 2327 3372 4961 2079 3766
5424 2276 3372 4960 2037 3804
5452 2299 3396 4974 2093 3818
5457 2210 3367 4966 2046 3785
5438 2281 3396 4966 2060 3776
5438 2295 3400 4956 2084 3785
5438 2243 3382 4960 2060 3790
5377 2210 3396 4961 2023 3761
5401 2313 3405 4966 2060 3794
5410 2285 3405 4979 2041 3771
5447 2262 3391 4979 2032 3761
5433 2281 3367 4952 2008 3747
5457 2229 3377 4942 2060 3804
5457 2313 3433 4952 2055 3761
5466 2238 3400 4942 2041 3790
5396 2276 3382 4979 2069 3766
5466 2304 3400 4979 2069 3766
5476 2262 3396 4947 2046 3757
5438 2285 3386 4933 2065 3766
5457 2327 3400 4914 2037 3747
5396 2295 3367 4970 2079 3780
5415 2304 3433 4974 2023 3799
5419 2271 3363 4914 2074 3794
5452 2360 3377 4956 2027 3822
5415 2285 3377 4923 2060 3790
5410 2304 3391 4961 2051 3776
5433 2304 3405 4984 2065 3761
5443 2266 3414 4970 2046 3771
5429 2313 3400 4876 2130 3799
5438 2370 3391 4891 2041 3818
5476 2351 3410 4979 2046 3757
5429 2262 3382 4988 2046 3747
5429 2356 3382 4891 2060 3776
5443 2351 3367 4937 2018 3776
5447 2341 3391 4988 2055 3757
5396 2304 3372 4961 2051 3790
5452 2323 3396 4909 2055 3804
