5092 2027 3682 5340 2492 3227
5143 2041 3719 5363 2524 3255
5139 2046 3729 5340 2506 3245
5153 1995 3691 5396 2449 3222
5096 2013 3715 5358 2440 3255
5148 2004 3682 5354 2482 3227
5087 1999 3710 5358 2459 3231
5096 1972 3715 5358 2487 3222
5120 2046 3729 5368 2506 3255
5087 2027 3705 5387 2515 3208
5106 1990 3710 5358 2440 3236
5139 1995 3719 5354 2524 3245
5139 2013 3733 5331 2492 3222
5106 1995 3715 5349 2468 3264
5129 1999 3743 5387 2440 3236
5115 1990 3733 5410 2529 3250
5181 2004 3696 5377 2487 3260
5143 1990 3705 5377 2524 3255
5106 1990 3738 5358 2515 3185
5115 2008 3710 5401 2487 3241
5110 2046 3715 5401 2478 3217
5134 1990 3691 5368 2473 3241
5134 2023 3761 5368 2445 3231
5082 2013 3691 5382 2506 3250
5167 1990 3682 5330 2510 3217
5106 1999 3733 5387 2515 3199
5115 2008 3715 5387 2473 3208
5106 1986 3743 5424 2506 3231
5129 2060 3705 5358 2506 3203
5143 2023 3757 5438 2501 3199
5120 2013 3668 5358 2463 3199
5096 1990 3738 5330 2520 3203
5096 1981 3729 5405 2510 3231
5120 2013 3700 5363 2492 3236
5078 1990 3719 5405 2459 3217
5096 2008 3715 5358 2482 3241
5134 1995 3729 5298 2468 3208
5162 1962 3761 5415 2510 3264
5106 2018 3733 5330 2492 3227
5096 1990 3733 5326 2515 3203
5134 1990 3700 5349 2459 3222
5167 1986 3724 5447 2524 3255
5148 2023 3771 5354 2515 3269
5101 2018 3761 5354 2520 3241
5120 2041 3729 5405 2454 3231
5124 1990 3686 5363 2496 3203
5059 1958 3715 5358 2524 3231
5139 1994 3696 5330 2463 3217
5115 2023 3715 5344 2506 3203
5139 2027 3715 5424 2501 3203
