5176 2252 3480 5185 1967 3579
5181 2262 3457 5176 1953 3583
5110 2271 3414 5176 1962 3677
5143 2238 3442 5139 1925 3607
5120 2276 3461 5176 1901 3597
5181 2281 3466 5115 1976 3654
5139 2271 3414 5129 1929 3691
5143 2281 3452 5167 1995 3607
5148 2304 3494 5167 1958 3649
5181 2299 3466 5143 1929 3691
5120 2299 3424 5153 1939 3583
5171 2229 3447 5167 1981 3654
5134 2220 3485 5134 1948 3583
5148 2281 3457 5139 1986 3574
5092 2323 3461 5190 1948 3616
5129 2248 3480 5087 1990 3672
5171 2276 3480 5143 1943 3574
5153 2304 3471 5124 1999 3658
5120 2304 3447 5157 1953 3611
5176 2238 3457 5110 1943 3625
5153 2252 3424 5110 1915 3658
5195 2252 3471 5181 1981 3611
5185 2313 3424 5204 1934 3649
5148 2309 3452 5101 1972 3658
5148 2266 3433 5148 1962 3649
5143 2266 3447 5134 1972 3705
5124 2271 3452 5063 1929 3639
5153 2262 3466 5115 1967 3611
5110 2281 3452 5190 1934 3583
5153 2252 3475 5167 1962 3564
5148 2313 3424 5167 1990 3616
5153 2257 3447 5092 1948 3574
5082 2304 3457 5143 1981 3677
5120 2304 3466 5176 1958 3663
5110 2304 3447 5143 1920 3588
5162 2299 3466 5171 1976 3696
5148 2271 3428 5171 1962 3597
5096 2257 3442 5185 1948 3625
5167 2262 3442 5153 1967 3663
5157 2285 3466 5181 1934 3630
5134 2285 3414 5162 1981 3564
5082 2276 3518 5139 1958 3705
5129 2271 3447 5171 1948 3597
5059 2243 3461 5129 1976 3663
5185 2309 3452 5185 1943 3583
5181 2290 3457 5139 1953 3672
5153 2248 3428 5167 1967 3583
5115 2266 3494 5134 1972 3644
5176 2238 3452 5110 1939 3621
5162 2299 3452 5157 1939 3588
