5017 2008 3738 5612 2384 3339
5026 2032 3719 5574 2341 3330
4984 2065 3729 5584 2337 3367
5082 2032 3705 5607 2313 3335
4984 2055 3691 5584 2323 3349
5026 2018 3686 5541 2313 3316
4974 2041 3719 5584 2337 3344
5096 2013 3715 5574 2346 3377
5073 2032 3715 5607 2299 3363
5059 2046 3715 5574 2323 3311
5003 2041 3719 5523 2290 3335
4952 2074 3686 5588 2309 3330
5059 1995 3715 5598 2356 3353
4988 2008 3705 5541 2299 3358
4979 2013 3738 5593 2360 3391
5035 2055 3705 5565 2374 3335
5021 1994 3700 5574 2304 3377
4988 1999 3733 5593 2309 3311
5035 2041 3715 5574 2313 3344
5012 2023 3682 5579 2346 3325
5007 2027 3705 5523 2332 3358
5040 2004 3743 5574 2299 3377
4993 2032 3715 5588 2365 3363
5031 2013 3715 5537 2318 3382
4993 2032 3686 5630 2285 3316
5012 2023 3733 5560 2370 3372
5049 2027 3733 5551 2388 3302
5003 2041 3696 5588 2281 3353
5012 2051 3715 5579 2351 3367
5054 2051 3700 5584 2327 3372
5040 2023 3696 5579 2374 3363
4984 2018 3729 5579 2304 3410
4993 2060 3733 5640 2327 3344
5017 2032 3682 5602 2374 3321
5040 2032 3710 5584 2295 3349
5007 2004 3729 5532 2304 3353
5040 2041 3710 5574 2290 3372
5063 2018 3700 5546 2417 3349
5026 2037 3700 5602 2374 3363
4993 2032 3696 5616 2388 3358
5045 2023 3719 5630 2356 3330
5068 2023 3710 5546 2351 3367
5026 2074 3719 5616 2332 3367
5017 2023 3677 5560 2299 3367
5003 2018 3733 5593 2323 3363
4965 2023 3705 5555 2360 3372
5017 2004 3715 5555 2313 3349
5021 2051 3700 5621 2412 3325
5003 2023 3724 5569 2346 3302
5049 2023 3710 5537 2327 3353
