5078 2257 3527 5368 2116 3461
5078 2196 3541 5330 2126 3489
5045 2205 3574 5382 2098 3503
5007 2205 3522 5410 2135 3485
5026 2243 3527 5372 2112 3433
5073 2234 3564 5331 2130 3480
5063 2220 3503 5387 2126 3438
5078 2168 3532 5326 2126 3499
5031 2205 3532 5363 2140 3452
5021 2191 3574 5335 2159 3428
5049 2215 3574 5330 2168 3438
5049 2173 3611 5312 2154 3424
5054 2220 3625 5340 2107 3489
5073 2248 3555 5303 2154 3480
5054 2220 3564 5307 2140 3489
5078 2215 3513 5335 2121 3480
5096 2224 3527 5326 2107 3518
5068 2191 3583 5410 2088 3518
5049 2238 3574 5340 2116 3414
5031 2234 3527 5330 2163 3485
5031 2229 3541 5298 2112 3494
5049 2238 3536 5419 2130 3419
5059 2229 3546 5358 2159 3457
5021 2224 3588 5303 2107 3489
5087 2196 3546 5433 2126 3485
5049 2205 3579 5335 2159 3447
5054 2238 3522 5349 2135 3457
5068 2182 3503 5335 2126 3494
5078 2224 3550 5363 2163 3475
5045 2173 3518 5415 2163 3485
5096 2243 3569 5331 2159 3452
5003 2205 3602 5303 2084 3494
5012 2210 3564 5331 2135 3457
5026 2234 3546 5349 2126 3480
5040 2210 3574 5382 2187 3457
5096 2187 3569 5331 2149 3494
5082 2187 3555 5358 2135 3457
5054 2187 3593 5377 2140 3419
5078 2182 3546 5330 2163 3475
5059 2248 3569 5405 2088 3475
5031 2187 3546 5312 2126 3466
5073 2220 3546 5335 2144 3503
5078 2229 3499 5293 2177 3424
5054 2201 3536 5330 2126 3452
5003 2238 3597 5368 2144 3466
5040 2238 3564 5368 2130 3494
5007 2220 3569 5317 2121 3457
5087 2201 3546 5298 2168 3457
5035 2220 3546 5303 2187 3447
5045 2220 3560 5298 2168 3471
