5312 2435 3288 5082 1906 3710
5312 2412 3302 5045 1934 3715
5312 2412 3302 5115 1882 3719
5321 2384 3264 5017 1934 3696
5270 2417 3278 5092 1953 3700
5275 2421 3288 5054 1920 3682
5317 2407 3321 5063 1953 3668
5293 2426 3260 5143 1990 3794
5330 2468 3288 4988 1911 3752
5335 2459 3269 5045 1882 3738
5275 2407 3264 5101 1882 3747
5270 2421 3264 5040 1925 3715
5270 2407 3278 5068 1967 3682
5330 2421 3274 5017 1925 3715
5214 2412 3302 5040 1939 3757
5321 2454 3330 5007 1939 3686
5256 2431 3274 5017 1868 3719
5326 2417 3260 5035 1887 3752
5265 2435 3283 5073 1939 3794
5289 2417 3330 5063 1911 3724
5330 2417 3316 5045 1850 3715
5289 2421 3217 5017 1882 3710
5265 2407 3297 5045 1967 3700
5331 2412 3245 5120 1920 3705
5312 2398 3288 5082 1990 3672
5303 2435 3241 5031 1976 3757
5317 2407 3302 5059 1962 3700
5340 2407 3306 5082 1972 3743
5298 2417 3297 5035 1953 3738
5326 2417 3330 5040 1882 3799
5340 2421 3245 5040 1962 3724
5279 2412 3278 5054 1939 3808
5326 2421 3241 5087 1929 3766
5265 2407 3236 5054 1920 3729
5354 2412 3321 5040 1962 3729
5330 2454 3306 5068 1915 3705
5242 2417 3227 5063 1939 3733
5331 2388 3325 5035 1972 3822
5293 2398 3297 5045 1915 3794
5303 2417 3283 5059 1878 3705
5298 2449 3250 4974 1934 3729
5326 2407 3274 5092 1892 3738
5293 2421 3260 5045 1920 3700
5275 2426 3297 5148 1906 3724
5312 2412 3274 5007 1962 3682
5312 2412 3260 5007 1897 3776
5335 2421 3264 5031 1897 3696
5279 2407 3278 5054 1925 3729
5256 2426 3321 5110 1892 3672
5279 2426 3213 5007 1967 3719
