5176 2107 3611 5110 2370 3400
5218 2084 3564 5073 2393 3396
5200 2027 3611 5148 2402 3349
5157 2060 3569 5120 2398 3372
5185 2060 3630 5106 2421 3330
5167 2084 3621 5134 2412 3386
5157 2060 3593 5101 2407 3339
5176 2074 3574 5120 2426 3339
5148 2084 3588 5143 2370 3367
5115 2046 3597 5078 2398 3335
5120 2065 3532 5171 2412 3316
5157 2102 3593 5167 2384 3358
5162 2032 3607 5153 2407 3358
5185 2088 3611 5110 2384 3433
5139 2074 3602 5204 2407 3330
5237 2018 3621 5157 2384 3344
5134 2041 3644 5078 2426 3372
5157 2055 3564 5101 2384 3405
5139 2069 3611 5157 2388 3353
5143 2098 3569 5171 2412 3377
5167 2060 3579 5106 2379 3306
5129 2069 3616 5167 2445 3358
5143 2093 3611 5157 2412 3316
5171 2065 3625 5129 2440 3358
5176 2065 3611 5124 2398 3400
5185 2074 3625 5134 2407 3344
5148 2065 3569 5096 2421 3382
5200 2084 3550 5087 2402 3377
5129 2041 3621 5124 2417 3344
5171 2098 3621 5106 2402 3335
5124 2069 3569 5134 2393 3330
5218 2023 3625 5148 2435 3358
5185 2112 3583 5063 2402 3325
5171 2060 3607 5181 2421 3353
5162 2079 3616 5129 2398 3325
5139 2055 3588 5157 2417 3349
5185 2018 3593 5134 2421 3316
5139 2018 3560 5153 2431 3325
5176 2088 3602 5101 2388 3382
5195 2032 3597 5148 2384 3302
5115 2013 3616 5106 2417 3311
5148 2098 3607 5134 2379 3335
5195 2093 3602 5129 2388 3400
5134 2093 3564 5153 2407 3363
5148 2065 3607 5153 2440 3358
5171 2098 3583 5148 2393 3367
5185 2088 3611 5115 2388 3386
5148 2084 3621 5078 2384 3358
5153 2060 3579 5134 2398 3367
5139 2126 3588 5129 2421 3344
