5167 3213 3170 4867 2782 3522
5167 3152 3222 4858 2735 3494
5143 3199 3217 4862 2735 3518
5214 3199 3217 4848 2763 3471
5139 3245 3231 4820 2735 3461
5153 3199 3180 4820 2744 3494
5129 3203 3217 4895 2744 3508
5120 3170 3241 4825 2763 3475
5124 3203 3278 4834 2717 3508
5171 3203 3250 4895 2758 3489
5139 3241 3199 4787 2726 3503
5139 3213 3189 4867 2777 3452
5237 3189 3236 4825 2782 3518
5139 3199 3208 4844 2754 3494
5148 3199 3217 4830 2754 3489
5190 3194 3250 4830 2763 3452
5167 3175 3217 4834 2731 3513
5134 3199 3241 4862 2712 3471
5171 3199 3255 4914 2763 3485
5143 3213 3203 4881 2754 3466
5143 3185 3250 4867 2740 3475
5134 3231 3222 4853 2744 3536
5209 3227 3185 4900 2796 3527
5157 3194 3194 4811 2744 3475
5171 3236 3245 4900 2735 3471
5171 3166 3227 4844 2754 3503
5167 3217 3236 4867 2721 3503
5134 3185 3208 4797 2735 3480
5190 3166 3203 4891 2758 3489
5139 3217 3189 4895 2735 3471
5167 3203 3213 4820 2740 3466
5157 3175 3203 4816 2735 3499
5148 3194 3175 4830 2740 3522
5167 3208 3222 4881 2726 3522
5185 3170 3231 4881 2744 3466
5120 3189 3170 4834 2735 3480
5181 3175 3255 4876 2717 3508
5143 3199 3250 4886 2735 3485
5218 3236 3227 4820 2758 3461
5157 3199 3274 4764 2768 3503
5153 3180 3222 4853 2758 3494
5190 3199 3260 4891 2740 3541
5157 3194 3217 4886 2740 3485
5153 3217 3245 4853 2726 3489
5200 3180 3199 4862 2735 3471
5157 3213 3194 4797 2717 3532
5120 3166 3208 4834 2777 3499
5139 3166 3250 4895 2758 3508
5214 3199 3222 4825 2717 3508
5157 3138 3250 4853 2740 3508
