5040 2758 3377 5106 3133 3321
4956 2777 3386 5063 3170 3306
5017 2670 3382 5026 3147 3311
5063 2726 3363 5073 3142 3349
5073 2717 3428 5003 3147 3330
5017 2740 3391 5045 3128 3278
5007 2740 3391 5073 3105 3316
4960 2740 3386 5073 3142 3330
4979 2693 3372 5054 3109 3321
4974 2758 3419 5059 3138 3306
5003 2749 3414 4960 3105 3311
5007 2721 3382 5059 3147 3241
5078 2763 3396 5040 3105 3316
4979 2731 3377 5073 3152 3335
5007 2754 3372 5035 3119 3353
5003 2717 3386 5035 3152 3306
5017 2726 3377 5054 3147 3325
4960 2707 3405 5040 3128 3278
4947 2735 3438 5045 3109 3306
4993 2754 3377 4979 3128 3325
5035 2749 3377 5059 3156 3325
4993 2735 3396 5110 3119 3297
5003 2735 3386 5021 3138 3278
4970 2754 3367 5115 3147 3353
4937 2726 3391 5026 3114 3311
4961 2740 3377 5021 3109 3311
4974 2707 3400 5110 3128 3316
4998 2777 3382 5054 3128 3283
5031 2735 3414 5082 3156 3288
4979 2726 3414 5031 3138 3260
4984 2703 3363 5049 3152 3283
4993 2726 3363 5040 3142 3297
4960 2731 3372 5059 3147 3321
4988 2740 3391 5063 3124 3339
4966 2721 3419 5101 3124 3339
4961 2754 3382 5092 3124 3297
5012 2735 3400 5031 3138 3283
5003 2744 3414 5078 3124 3288
4947 2726 3391 4998 3147 3269
5007 2740 3396 5059 3142 3260
4988 2740 3400 5031 3161 3264
5026 2712 3391 5078 3152 3302
4965 2749 3363 5063 3142 3349
4965 2717 3405 5026 3105 3292
5012 2744 3377 5054 3156 3321
5045 2763 3396 5007 3128 3288
4979 2693 3358 5054 3124 3316
4970 2707 3386 5078 3100 3274
4960 2735 3419 5026 3128 3278
5007 2721 3396 5049 3147 3311
