5433 3054 3161 4848 2862 3668
5387 3049 3166 4844 2890 3672
5419 3049 3133 4801 2885 3682
5377 3044 3142 4825 2871 3705
5344 3021 3133 4834 2880 3733
5372 3021 3114 4839 2871 3710
5349 3026 3128 4909 2871 3686
5391 3040 3180 4806 2857 3700
5387 3073 3161 4848 2876 3738
5387 3082 3109 4844 2876 3649
5391 3091 3109 4792 2913 3663
5401 3040 3119 4806 2890 3705
5401 3030 3166 4872 2876 3715
5358 3063 3142 4905 2899 3668
5401 3058 3109 4900 2890 3696
5377 3035 3138 4891 2918 3649
5419 3058 3096 4816 2899 3705
5419 3044 3119 4839 2852 3677
5372 3021 3147 4830 2894 3621
5401 3044 3170 4853 2904 3677
5401 3044 3180 4825 2894 3691
5429 2988 3133 4834 2871 3639
5433 3007 3185 4853 2908 3715
5415 3044 3138 4848 2880 3686
5326 3068 3147 4895 2876 3644
5396 3044 3114 4867 2876 3696
5419 3077 3161 4825 2894 3672
5401 3091 3147 4825 2890 3682
5433 3030 3138 4858 2908 3719
5391 3012 3161 4886 2908 3644
5419 3044 3138 4787 2871 3691
5387 3002 3175 4839 2890 3672
5396 3035 3128 4834 2866 3710
5368 3035 3189 4876 2857 3686
5382 3087 3109 4830 2876 3677
5358 3049 3166 4816 2908 3686
5349 3035 3124 4834 2894 3766
5368 3035 3170 4862 2876 3729
5405 3035 3105 4919 2876 3649
5382 3030 3128 4806 2852 3644
5377 3007 3138 4769 2890 3668
5387 3026 3100 4825 2885 3700
5349 3058 3105 4797 2894 3682
5372 3040 3091 4792 2876 3691
5401 3044 3156 4853 2880 3710
5391 3035 3133 4872 2904 3682
5377 3040 3114 4848 2880 3700
5401 3054 3109 4914 2890 3700
5391 3030 3133 4820 2885 3700
5410 3058 3119 4900 2880 3719
