4825 2880 3677 5372 3058 3147
4876 2847 3639 5410 3044 3189
4830 2871 3654 5410 3049 3185
4834 2857 3682 5377 3044 3152
4881 2894 3682 5382 3049 3161
4816 2890 3668 5372 3021 3189
4876 2847 3644 5433 3016 3189
4834 2866 3635 5429 2998 3180
4811 2838 3649 5372 3049 3152
4886 2838 3677 5382 3030 3147
4830 2918 3668 5330 3012 3161
4895 2871 3649 5410 3035 3166
4848 2857 3635 5372 2998 3208
4886 2871 3644 5349 3054 3114
4881 2899 3644 5372 3035 3133
4844 2866 3668 5424 3082 3128
4839 2876 3663 5438 3044 3128
4848 2927 3696 5410 3073 3147
4801 2866 3654 5391 3002 3147
4820 2871 3668 5438 3035 3133
4839 2852 3649 5377 3063 3138
4830 2862 3691 5368 3030 3203
4830 2862 3616 5438 3054 3133
4797 2885 3691 5401 3021 3114
4830 2862 3682 5401 3026 3114
4834 2847 3654 5391 3016 3166
4862 2829 3682 5326 3016 3147
4853 2862 3682 5433 3012 3194
4872 2866 3663 5349 2988 3152
4867 2885 3658 5396 3035 3166
4853 2871 3658 5410 3049 3194
4825 2876 3663 5391 3040 3166
4905 2885 3677 5382 3058 3156
4867 2843 3644 5387 3016 3133
4806 2847 3644 5419 3068 3189
4844 2847 3654 5349 3035 3185
4811 2847 3672 5377 3049 3128
4848 2843 3700 5358 3058 3133
4839 2880 3677 5405 3026 3147
4816 2876 3682 5405 3026 3114
4825 2838 3672 5372 3007 3152
4783 2838 3621 5382 3049 3161
4787 2885 3743 5401 3007 3199
4848 2876 3682 5438 3044 3138
4886 2847 3654 5363 3030 3119
4858 2852 3654 5443 3040 3152
4834 2880 3663 5377 3040 3175
4839 2829 3639 5415 2998 3166
4862 2852 3700 5368 3026 3114
4853 2899 3700 5410 3049 3114
