5176 2904 3213 4942 3026 3471
5218 2965 3189 4988 3030 3508
5157 2908 3208 4988 3049 3428
5223 2908 3142 4960 3049 3471
5200 2904 3208 4900 3040 3438
5124 2927 3231 4919 3007 3419
5157 2927 3208 4961 3016 3433
5209 2880 3194 4966 3007 3452
5157 2922 3250 4956 3002 3522
5181 2941 3217 4961 3040 3414
5204 2904 3217 4966 3016 3466
5139 2904 3306 4937 3002 3480
5171 2932 3217 4965 3035 3396
5134 2955 3180 4933 3044 3457
5181 2937 3189 4965 3026 3428
5185 2894 3175 4900 2998 3414
5246 2965 3217 4960 3035 3457
5171 2932 3222 4928 3016 3396
5185 2927 3170 4970 3007 3480
5139 2918 3227 4937 3044 3489
5120 2922 3213 4947 3030 3499
5162 2913 3199 4988 3012 3518
5167 2951 3222 4966 3021 3489
5204 2937 3227 4947 3030 3419
5195 2922 3217 4947 3021 3508
5162 2880 3250 4956 3007 3452
5176 2880 3170 4900 3026 3438
5176 2922 3245 4937 3021 3499
5232 2890 3217 4895 2974 3438
5209 2918 3147 4947 3012 3475
5143 2937 3175 4961 2965 3494
5228 2885 3199 4942 3021 3433
5237 2913 3236 4956 2998 3414
5167 2904 3189 4961 3030 3400
5148 2932 3180 4960 2998 3489
5181 2918 3194 4952 3007 3494
5176 2899 3208 4974 3016 3489
5185 2922 3217 4974 3012 3442
5228 2932 3213 4970 3026 3489
5148 2946 3255 4993 2983 3452
5195 2913 3213 4933 3016 3424
5106 2871 3208 4961 2998 3419
5096 2927 3166 4998 3016 3508
5200 2941 3227 4966 2965 3438
5153 2894 3231 4928 3040 3466
5185 2955 3222 4961 3040 3480
5204 2908 3208 4965 3026 3424
5176 2908 3170 4947 3049 3452
5185 2955 3208 4937 3026 3480
5181 2922 3180 4960 3021 3410
