5063 3185 3325 4965 2782 3377
5059 3199 3325 4988 2772 3372
5012 3138 3306 5063 2791 3372
5049 3152 3274 5031 2735 3419
5115 3180 3306 4905 2717 3325
4998 3180 3283 4952 2763 3358
5082 3170 3278 4993 2749 3377
5003 3142 3274 4942 2772 3377
5035 3152 3306 4979 2791 3377
5087 3180 3302 4993 2782 3400
5012 3133 3325 4961 2740 3396
5007 3152 3297 4970 2754 3344
5021 3152 3330 4993 2758 3396
5082 3170 3325 5012 2810 3410
5096 3133 3302 4970 2763 3382
5035 3138 3330 4998 2717 3391
5021 3128 3306 4965 2801 3367
5026 3147 3302 5003 2777 3405
5078 3156 3363 5021 2777 3372
5101 3194 3330 5021 2763 3353
5078 3180 3283 4947 2772 3386
5035 3156 3316 4979 2758 3358
5045 3180 3264 4988 2763 3386
5026 3138 3302 4988 2768 3419
5026 3152 3302 4974 2758 3367
5082 3161 3316 4998 2758 3367
5049 3161 3325 5031 2786 3363
5101 3156 3292 5063 2772 3372
5059 3138 3325 5031 2740 3391
5059 3156 3269 4979 2735 3377
5082 3166 3353 4947 2758 3358
5063 3133 3292 4979 2754 3414
5092 3166 3321 5059 2754 3372
5031 3166 3297 5021 2772 3400
5059 3161 3260 4988 2763 3386
5124 3170 3292 4984 2758 3400
5059 3152 3269 5059 2772 3367
5054 3147 3297 4956 2754 3391
5026 3109 3316 4937 2758 3382
5078 3161 3283 4961 2763 3424
5078 3152 3321 4965 2782 3372
5017 3170 3325 4998 2772 3339
5134 3156 3321 4974 2772 3344
5068 3166 3316 5035 2791 3386
4984 3161 3321 5012 2749 3372
5049 3156 3316 5026 2786 3382
5045 3175 3353 5017 2758 3358
5073 3128 3292 5026 2744 3321
5124 3161 3302 5031 2740 3396
5110 3142 3311 4952 2772 3367
