4988 2796 3546 5237 3199 3128
4979 2772 3518 5218 3170 3152
5021 2754 3588 5246 3180 3213
4979 2744 3593 5200 3203 3175
4988 2819 3546 5237 3222 3147
4974 2791 3607 5190 3185 3185
4998 2740 3527 5223 3185 3175
5049 2777 3569 5232 3199 3138
4974 2758 3564 5204 3199 3119
5003 2758 3522 5275 3180 3180
4979 2754 3588 5185 3185 3147
5003 2763 3569 5228 3170 3100
4965 2758 3555 5256 3133 3138
4960 2815 3536 5232 3175 3189
4960 2796 3550 5204 3175 3138
5017 2754 3569 5200 3189 3180
5012 2782 3579 5195 3138 3166
4984 2786 3522 5200 3189 3166
4974 2768 3532 5214 3203 3133
4979 2768 3527 5242 3199 3170
4979 2763 3569 5242 3245 3147
5007 2763 3569 5275 3180 3161
4974 2749 3574 5223 3208 3156
4979 2763 3574 5293 3185 3138
4984 2768 3536 5251 3175 3138
4988 2740 3579 5228 3161 3170
4993 2749 3579 5246 3227 3166
5017 2810 3527 5223 3185 3133
4984 2754 3569 5260 3189 3194
4952 2782 3550 5251 3194 3189
4984 2758 3569 5176 3180 3109
4993 2749 3560 5260 3170 3152
4952 2782 3560 5237 3217 3152
5040 2791 3541 5256 3175 3156
4988 2768 3574 5195 3194 3180
5017 2796 3574 5228 3161 3194
5031 2791 3555 5218 3185 3156
4928 2768 3560 5228 3114 3180
4970 2735 3536 5237 3194 3175
5031 2782 3546 5223 3194 3109
5026 2782 3564 5246 3170 3124
4942 2829 3593 5265 3156 3185
4988 2763 3555 5195 3156 3138
4956 2796 3527 5176 3175 3185
5012 2763 3536 5204 3185 3199
5007 2772 3583 5232 3199 3180
4952 2768 3527 5256 3203 3175
4933 2772 3579 5260 3203 3189
4956 2763 3550 5237 3189 3119
4974 2768 3508 5284 3180 3133
