4891 3030 3414 5237 2890 3114
4900 2979 3428 5214 2918 3170
4886 3002 3489 5204 2922 3133
4914 3063 3480 5242 2899 3142
4919 3002 3471 5195 2890 3128
4970 2983 3471 5242 2904 3087
4979 3021 3424 5228 2932 3189
4966 3040 3471 5242 2913 3180
4937 3054 3503 5181 2899 3185
4848 3073 3508 5265 2922 3142
4942 3040 3442 5200 2922 3189
4998 2988 3414 5153 2894 3175
4905 3021 3457 5162 2894 3138
4862 3016 3447 5200 2908 3119
4923 3012 3447 5181 2885 3175
4876 3026 3433 5162 2890 3175
4956 3030 3485 5181 2918 3161
4928 3035 3382 5218 2918 3105
4961 3016 3518 5200 2885 3199
4947 2988 3471 5209 2904 3133
4919 3026 3452 5129 2904 3138
5012 3030 3452 5209 2885 3189
4905 3002 3410 5256 2885 3128
4919 2993 3438 5237 2890 3180
4872 3049 3457 5209 2880 3213
4942 2988 3447 5176 2871 3166
4984 2983 3499 5204 2904 3124
4988 3016 3457 5209 2904 3156
4933 3016 3503 5246 2904 3147
4923 2988 3494 5190 2890 3105
4923 2983 3447 5246 2890 3119
4937 2988 3447 5200 2894 3185
4952 3012 3428 5195 2908 3114
4928 3068 3419 5279 2885 3175
4942 2960 3433 5167 2904 3133
4937 3040 3475 5190 2904 3189
4974 3002 3414 5167 2866 3133
4937 3016 3400 5232 2890 3194
4919 3026 3480 5157 2890 3119
4952 3021 3452 5209 2913 3166
4974 3035 3466 5228 2885 3142
4933 2979 3428 5185 2885 3147
4905 2998 3466 5181 2885 3119
4933 3026 3396 5223 2899 3087
4919 2988 3471 5195 2899 3147
4853 3026 3489 5148 2885 3133
4891 3030 3480 5209 2890 3175
4947 3035 3503 5181 2871 3128
4937 3030 3447 5232 2908 3166
4919 2993 3461 5218 2876 3180
