5209 4094 3550 5021 3705 3466
5195 4047 3513 5087 3715 3438
5176 4066 3466 4979 3733 3442
5190 4094 3579 4961 3729 3457
5153 4080 3555 5040 3733 3419
5157 4131 3564 4979 3729 3452
5167 4099 3574 5003 3696 3438
5171 4094 3503 5059 3752 3428
5171 4117 3555 5017 3719 3438
5181 4113 3536 5007 3700 3419
5209 4099 3532 5040 3719 3447
5218 4042 3574 4905 3719 3428
5124 4066 3480 5045 3700 3442
5106 4113 3550 5087 3668 3457
5181 4084 3522 5106 3752 3447
5167 4122 3489 4984 3696 3442
5157 4099 3471 5124 3686 3452
5162 4080 3480 5092 3710 3438
5209 4103 3466 4960 3719 3428
5204 4094 3499 5134 3668 3457
5176 4094 3555 5021 3743 3433
5143 4122 3560 5073 3705 3457
5139 4066 3569 5087 3747 3442
5214 4113 3550 4956 3733 3428
5162 4089 3532 4993 3733 3433
5185 4131 3564 4993 3686 3438
5162 4089 3550 4979 3672 3438
5157 4094 3564 4900 3710 3447
5209 4113 3508 4993 3710 3452
5204 4122 3546 5059 3729 3419
5195 4113 3550 4988 3752 3466
5223 4117 3560 5017 3743 3419
5232 4108 3579 5012 3729 3475
5120 4122 3546 5007 3719 3457
5214 4099 3466 5003 3733 3447
5195 4108 3503 5082 3715 3438
5185 4127 3532 5045 3724 3471
5162 4089 3532 4956 3700 3433
5171 4094 3532 4998 3719 3452
5232 4099 3513 5120 3715 3442
5218 4099 3499 4965 3700 3438
5176 4080 3503 5035 3696 3447
5176 4131 3541 5115 3700 3466
5181 4061 3489 4998 3719 3438
5200 4122 3475 5007 3700 3457
5167 4117 3513 5063 3710 3457
5204 4117 3532 4965 3747 3466
5157 4075 3536 5073 3715 3447
5167 4089 3532 5054 3686 3438
5214 4122 3513 5026 3691 3447
