5040 3967 3579 5092 3733 3306
5017 3920 3527 5218 3705 3330
5026 3920 3602 5200 3715 3311
5007 3953 3654 5157 3729 3311
5026 3948 3532 5106 3705 3316
5035 3944 3588 5209 3677 3306
5045 3925 3639 5209 3696 3316
5003 3897 3536 5223 3696 3316
5040 3939 3611 5129 3686 3330
5078 3930 3639 5101 3715 3339
5054 3897 3607 5223 3738 3321
5049 3902 3560 5096 3705 3274
5049 3902 3564 5195 3715 3292
5035 3906 3649 5153 3686 3292
5068 3953 3649 5129 3710 3316
5078 3916 3593 5054 3682 3330
5082 3878 3536 5162 3733 3311
5003 3906 3644 5228 3715 3335
5049 3887 3579 5171 3715 3311
5059 3897 3639 5176 3705 3302
5045 3948 3649 5195 3705 3321
5026 3906 3625 5139 3682 3311
5017 3906 3569 5073 3700 3335
5031 3873 3607 5134 3668 3316
5021 3887 3630 5162 3710 3353
5101 3897 3654 5106 3705 3311
5017 3939 3658 5200 3710 3288
5017 3934 3588 5167 3710 3283
5092 3902 3644 5110 3696 3325
5054 3925 3602 5115 3691 3306
5082 3911 3630 5129 3705 3316
5106 3911 3611 5092 3738 3311
5003 3920 3607 5190 3700 3335
5021 3887 3607 5101 3710 3311
5040 3920 3611 5120 3700 3306
5082 3934 3625 5275 3733 3325
5040 3916 3668 5120 3710 3288
5017 3873 3630 5157 3719 3321
5035 3897 3625 5092 3729 3316
5049 3930 3588 5237 3668 3325
5045 3944 3564 5190 3724 3349
5003 3906 3611 5054 3743 3302
5063 3977 3654 5185 3710 3316
5012 3897 3579 5209 3658 3283
5031 3887 3602 5157 3672 3311
5007 3906 3611 5115 3696 3321
5007 3911 3560 5171 3715 3325
5035 3878 3602 5214 3747 3330
5017 3925 3616 5167 3715 3302
5087 3958 3541 5204 3677 3335
