4952 3771 3747 5382 3859 3274
4923 3715 3752 5382 3911 3311
4956 3780 3705 5405 3850 3283
4966 3757 3780 5447 3873 3264
4937 3733 3729 5405 3887 3260
4961 3700 3761 5349 3869 3311
4956 3729 3743 5401 3883 3255
4923 3780 3757 5419 3864 3316
4947 3776 3752 5424 3878 3306
4933 3752 3743 5447 3892 3316
4933 3733 3710 5405 3869 3316
4942 3752 3719 5433 3892 3302
4937 3738 3747 5326 3883 3288
4914 3719 3738 5485 3892 3297
4919 3743 3705 5415 3873 3269
4961 3757 3715 5372 3887 3297
4886 3738 3743 5335 3873 3302
4881 3794 3733 5429 3851 3316
4876 3752 3761 5372 3892 3306
4933 3719 3724 5382 3851 3325
4905 3743 3761 5372 3902 3297
4956 3743 3719 5349 3869 3292
4900 3719 3705 5391 3916 3288
4905 3715 3715 5358 3845 3316
4961 3724 3715 5429 3887 3316
4965 3710 3747 5401 3887 3288
4942 3780 3743 5358 3869 3311
4886 3729 3757 5372 3873 3274
4979 3761 3686 5401 3851 3321
4876 3752 3761 5349 3850 3311
4900 3719 3747 5410 3906 3321
4881 3738 3738 5419 3859 3274
4928 3696 3719 5344 3869 3283
4867 3733 3715 5433 3869 3306
4891 3743 3710 5354 3887 3306
4867 3724 3696 5335 3878 3316
4947 3757 3776 5354 3850 3278
4919 3724 3715 5424 3846 3344
4966 3752 3715 5401 3855 3316
4923 3738 3738 5401 3887 3278
4942 3733 3715 5471 3897 3245
4928 3715 3724 5382 3911 3292
4937 3738 3729 5452 3850 3302
4993 3733 3743 5368 3902 3306
4942 3724 3738 5387 3906 3321
4905 3747 3696 5363 3902 3297
4956 3738 3724 5405 3855 3288
4905 3715 3761 5330 3846 3306
4909 3761 3682 5330 3873 3292
4965 3752 3752 5415 3855 3297
