5340 4127 3438 4933 3677 3560
5284 4061 3457 4895 3658 3574
5223 4099 3480 4947 3700 3532
5242 4108 3424 4956 3700 3550
5331 4084 3410 4895 3682 3555
5260 4117 3391 4942 3649 3550
5289 4089 3428 4900 3686 3550
5321 4089 3457 4928 3658 3588
5284 4155 3391 4966 3668 3569
5237 4099 3424 4937 3654 3522
5293 4103 3382 4947 3649 3564
5340 4084 3452 4965 3639 3555
5293 4099 3447 4905 3654 3560
5260 4122 3442 4960 3668 3569
5293 4145 3414 5017 3663 3579
5242 4089 3442 4988 3682 3550
5396 4099 3400 4942 3668 3536
5228 4145 3428 4965 3635 3583
5335 4113 3428 4891 3677 3579
5242 4117 3391 4933 3658 3569
5279 4108 3447 4933 3677 3560
5298 4099 3466 4905 3658 3555
5405 4084 3489 4858 3639 3564
5260 4099 3447 4919 3663 3564
5363 4089 3447 4900 3682 3560
5335 4113 3410 4961 3630 3564
5279 4103 3391 4956 3672 3550
5298 4155 3433 4947 3654 3550
5293 4131 3457 4966 3691 3560
5289 4117 3442 4905 3663 3527
5284 4066 3424 4867 3658 3522
5284 4117 3428 4947 3682 3564
5242 4122 3424 4905 3644 3555
5293 4155 3499 4993 3672 3536
5275 4099 3391 4952 3719 3588
5246 4131 3372 4961 3668 3564
5275 4131 3424 4905 3625 3574
5303 4108 3480 4900 3663 3532
5246 4108 3424 4881 3658 3522
5331 4131 3485 4905 3672 3536
5303 4122 3414 4937 3682 3550
5279 4113 3419 4961 3677 3457
5321 4122 3447 4923 3668 3527
5321 4108 3447 4956 3700 3546
5340 4122 3466 4919 3635 3564
5312 4117 3410 4905 3696 3564
5265 4127 3391 4965 3663 3550
5298 4113 3447 4905 3710 3560
5293 4141 3447 4928 3639 3564
5275 4159 3400 4993 3639 3546
