4942 3658 3663 5354 3995 3424
4909 3663 3625 5340 4047 3414
4909 3691 3621 5275 4108 3461
4988 3658 3649 5256 4052 3414
4895 3644 3644 5246 4052 3447
4952 3691 3621 5232 4038 3410
4933 3691 3616 5228 4070 3442
4966 3649 3630 5298 4052 3382
4960 3649 3621 5326 4061 3419
4872 3658 3654 5293 4066 3466
4905 3625 3644 5242 4052 3405
4966 3668 3630 5303 4066 3410
4891 3635 3639 5307 4080 3438
4909 3658 3644 5317 4038 3447
4928 3672 3611 5331 4056 3457
4905 3658 3616 5265 4052 3452
4960 3663 3625 5242 4028 3396
4923 3691 3635 5330 4038 3428
4914 3639 3635 5307 4038 3386
4937 3691 3621 5284 4019 3419
4933 3682 3625 5242 4033 3447
4961 3649 3597 5340 4023 3396
4966 3635 3635 5251 4023 3419
4961 3677 3649 5242 4094 3428
4998 3635 3658 5256 4056 3438
4928 3625 3616 5265 4056 3438
4966 3611 3635 5303 3991 3400
4966 3649 3654 5270 4056 3438
4942 3682 3663 5260 4075 3438
4937 3644 3621 5232 4066 3447
4914 3686 3630 5260 4080 3442
4923 3663 3644 5330 4042 3400
4937 3672 3621 5251 4061 3442
4919 3682 3644 5279 4084 3424
4937 3686 3635 5298 4033 3442
4942 3658 3625 5307 4038 3433
4942 3621 3639 5293 4066 3424
4947 3649 3658 5251 4052 3461
4947 3635 3639 5256 4019 3396
4867 3654 3593 5275 4028 3447
4905 3630 3644 5242 4052 3424
4923 3668 3616 5195 4019 3442
4923 3654 3630 5260 4042 3438
4909 3616 3607 5358 4042 3405
5021 3639 3635 5260 4080 3419
4919 3611 3639 5195 4066 3457
4956 3649 3597 5303 4080 3428
4937 3644 3625 5293 4052 3438
4942 3621 3621 5265 4047 3442
4909 3682 3635 5223 4080 3391
