5082 3832 3485 5157 4080 3475
5035 3715 3447 5124 4099 3489
4993 3790 3419 5143 4122 3560
4956 3790 3386 5153 4103 3471
5026 3813 3367 5195 4066 3489
5003 3776 3391 5204 4080 3541
4984 3813 3386 5143 4089 3461
4993 3776 3386 5110 4080 3480
5012 3808 3438 5153 4117 3532
5003 3794 3419 5157 4089 3489
5003 3822 3428 5101 4136 3541
4979 3818 3447 5171 4075 3513
4965 3785 3391 5115 4103 3546
5035 3799 3419 5223 4089 3475
5073 3790 3405 5110 4094 3532
5026 3851 3452 5181 4038 3485
4998 3766 3405 5190 4066 3480
5026 3808 3363 5106 4099 3513
4998 3761 3377 5153 4103 3532
5059 3766 3461 5204 4061 3541
4966 3766 3442 5232 4070 3541
5092 3799 3386 5181 4089 3494
4974 3776 3372 5176 4056 3518
5007 3836 3382 5120 4075 3541
5063 3766 3386 5162 4066 3560
4993 3813 3372 5185 4038 3546
4988 3710 3414 5129 4089 3494
5049 3846 3414 5214 4103 3499
4970 3799 3405 5106 4066 3518
5026 3771 3396 5209 4061 3532
4974 3813 3419 5171 4066 3485
5003 3776 3382 5157 4103 3485
5017 3780 3410 5124 4113 3475
4993 3799 3428 5153 4056 3494
4937 3813 3382 5124 4061 3480
5017 3804 3396 5078 4061 3518
4984 3696 3424 5082 4094 3499
4979 3761 3382 5129 4122 3527
5035 3771 3396 5181 4080 3527
4965 3808 3405 5204 4033 3522
5054 3776 3386 5176 4061 3546
4960 3757 3396 5134 4047 3536
4965 3827 3405 5228 4075 3480
4979 3804 3424 5110 4056 3518
5035 3794 3405 5120 4061 3508
5087 3719 3391 5270 4066 3564
4979 3827 3382 5167 4084 3513
5007 3761 3382 5185 4089 3532
5007 3785 3386 5153 4099 3522
4965 3761 3419 5195 4103 3532
