5358 3967 3344 4979 3729 3794
5410 3930 3349 4900 3757 3761
5410 3920 3339 4937 3752 3715
5372 3930 3353 4970 3682 3686
5447 3948 3330 4895 3780 3766
5410 3934 3330 4905 3776 3738
5415 3977 3316 4966 3799 3790
5344 3962 3358 4923 3729 3780
5424 3930 3386 4905 3738 3771
5317 3977 3353 4993 3766 3715
5424 3906 3367 4947 3766 3747
5358 3948 3344 4942 3752 3719
5354 3892 3335 4933 3691 3771
5391 3934 3372 4872 3700 3700
5387 3967 3367 4947 3738 3733
5387 3948 3372 4966 3747 3724
5424 3967 3344 4970 3743 3766
5396 3930 3353 4961 3724 3733
5429 3916 3363 4961 3710 3771
5349 3906 3353 4923 3715 3719
5363 3906 3344 4965 3780 3799
5368 3958 3358 4919 3785 3724
5457 3953 3349 4998 3719 3780
5307 3916 3335 4961 3733 3715
5340 3944 3353 4998 3757 3747
5396 3925 3372 4947 3785 3776
5349 3948 3344 4984 3733 3738
5363 3916 3353 4881 3761 3705
5405 3962 3349 4933 3733 3757
5462 3916 3325 4891 3738 3766
5377 3920 3339 4937 3743 3776
5358 3920 3335 4909 3761 3747
5377 3944 3358 4937 3729 3761
5415 3920 3349 4919 3719 3733
5415 3972 3363 4942 3729 3724
5429 3991 3349 4928 3776 3733
5387 3944 3316 4966 3729 3733
5372 3934 3330 4998 3757 3761
5363 3906 3344 4867 3747 3757
5419 3953 3377 4937 3724 3729
5387 3939 3358 4960 3747 3696
5452 3934 3405 4952 3747 3757
5363 3948 3382 4966 3761 3790
5410 3930 3344 4919 3747 3776
5419 3953 3363 4895 3752 3729
5382 3930 3335 4974 3724 3719
5433 3920 3330 4952 3733 3776
5419 3930 3344 4961 3738 3757
5344 3930 3344 4928 3771 3766
5377 3911 3349 4853 3761 3696
