5223 3855 3321 5035 3953 3639
5279 3897 3367 5049 3972 3677
5218 3869 3410 5096 3911 3682
5204 3906 3358 5078 4005 3663
5200 3887 3330 5031 3934 3597
5246 3845 3353 5073 3916 3715
5232 3883 3363 5063 3944 3593
5162 3930 3325 5054 3958 3672
5171 3902 3353 5003 3930 3649
5200 3850 3382 5031 3934 3663
5284 3832 3344 5092 3995 3682
5237 3827 3358 5040 3902 3672
5204 3859 3372 5017 3972 3682
5200 3887 3391 4998 3939 3677
5214 3845 3344 5082 3920 3663
5204 3883 3335 5040 3953 3686
5251 3906 3358 5049 3944 3602
5200 3827 3363 5078 3986 3677
5162 3939 3349 5063 3934 3677
5242 3916 3372 5031 3934 3611
5228 3883 3344 5040 3925 3616
5228 3911 3316 5054 3934 3635
5228 3850 3311 5026 3948 3649
5209 3869 3349 5021 3944 3654
5195 3818 3382 5054 3902 3607
5218 3883 3344 5063 3920 3625
5209 3892 3321 5049 3902 3607
5251 3836 3339 5063 3962 3677
5232 3845 3382 5035 3948 3686
5246 3906 3363 5003 3958 3621
5181 3869 3344 5087 3948 3672
5270 3827 3330 5017 3883 3677
5232 3827 3396 5045 3916 3644
5256 3864 3335 4960 3944 3635
5228 3892 3358 5031 3972 3607
5185 3902 3377 5026 3944 3663
5181 3887 3377 5045 3939 3630
5171 3864 3316 5003 3986 3588
5223 3841 3382 5045 3995 3663
5260 3902 3386 5003 3911 3630
5218 3859 3382 5059 3939 3644
5265 3845 3321 5096 3911 3658
5223 3869 3377 5045 3986 3630
5284 3845 3377 5078 3930 3691
5171 3892 3330 5049 3948 3602
5265 3948 3386 5003 3939 3654
5171 3855 3344 5073 3948 3602
5265 3859 3358 5031 3958 3677
5171 3864 3321 4998 3925 3696
5190 3822 3372 4998 3967 3672
