6221 6769 4614 5804 6848 4553
6296 7355 4609 5795 6853 4515
6296 6890 4614 5888 6802 4567
6286 6843 4637 5813 6876 4515
6272 6834 4623 5752 6909 4543
6225 6853 4642 5827 6881 4576
6291 6867 4642 5743 6909 4529
6361 7402 4609 5780 6867 4562
6193 7317 4623 5799 6839 4511
6272 6876 4670 5780 6778 4543
6221 6760 4623 5809 6834 4539
6310 6834 4604 5785 6984 4567
6244 6806 4595 5827 6857 4558
6371 7355 4609 5790 6909 4548
6272 6806 4595 5902 6806 4562
6188 7355 4637 5780 6871 4567
6202 7804 4614 5841 6886 4529
6282 6881 4506 5851 6918 4483
6301 7369 4623 5804 6900 4562
6244 6774 4647 5837 6806 4558
6277 7312 4614 5884 6811 4562
6235 6843 4595 5790 6857 4515
6277 7298 4619 5762 6923 4553
6249 6811 4590 5884 6895 4572
6258 6871 4623 5790 6886 4590
6268 6857 4633 5743 6820 4558
6263 6876 4586 5785 6890 4581
6216 7359 4609 5870 6895 4553
6272 6839 4595 5851 6975 4562
6277 7317 4656 5827 6890 4576
6315 6778 4590 5879 6886 4600
6254 6848 4628 5837 6811 4506
6301 7350 4609 5752 6881 4586
6263 6792 4581 5865 6909 4539
6272 6900 4637 5837 6853 4581
6286 4539 4628 5799 6909 4562
6225 6848 4600 5818 6848 4534
6258 7317 4628 5832 6871 4543
6282 7345 4642 5757 6811 4567
6225 6815 4637 5874 6932 4590
6258 6900 4647 5823 6886 4553
6263 6811 4637 5837 6788 4501
6221 6862 4628 5823 6886 4497
6216 7298 4684 5762 6811 4558
6268 6881 4623 5776 5513 4586
6197 7322 4637 5865 6918 4553
6315 6820 4623 5780 6914 4567
6254 6815 4651 5846 6923 4534
6315 6774 4614 5813 6843 4534
6263 6867 4656 5809 6867 4525
