6221 2998 4440 5832 4379 5331
6164 3035 4426 5860 1671 5340
6216 2979 4459 5827 4314 5340
6150 2946 4454 5893 3471 5340
6132 2918 4436 5856 1676 5368
6174 2960 4412 5860 3508 5303
6127 2946 4393 5879 5513 5330
6202 2847 4393 5940 1592 5344
6113 2890 4464 5827 1602 5354
6202 2904 4417 5860 1592 5424
6127 2567 4417 5841 7031 5368
6169 2937 4384 5865 3569 5349
6150 2979 4450 5851 6310 5021
6169 2983 4478 5865 4239 5312
6141 2969 4407 5846 1583 5007
6197 2951 4454 6310 1602 5387
6174 2946 4464 5818 4206 5387
6188 2913 4379 5860 4257 5396
6225 2969 4412 5832 4487 5396
6136 3016 4417 5851 1634 5358
6193 2951 4445 5870 3546 5377
6164 3007 4398 5893 4211 5377
6202 2941 4403 5795 1606 5377
6216 2908 4384 5902 4267 5377
6146 2946 4450 5884 1611 5344
6094 2988 4412 5860 1616 5368
6183 2946 4440 5931 3630 5401
6193 2979 4445 5917 1583 5401
6127 2960 4393 5935 5579 5358
6150 2998 4422 5926 2421 5330
6174 2937 4440 5865 4318 5368
6164 2913 4393 6085 3607 5424
6132 2946 4478 5907 3541 5391
6155 2932 4436 5888 1629 5438
6207 2941 4384 6254 4309 5396
6174 3002 4389 5963 1620 5415
6225 2899 4389 5701 6254 5331
6150 2927 4375 5893 4304 5424
6127 3044 4454 5912 4309 5326
6207 2974 4431 5860 3649 5078
6183 2983 4431 6310 3527 5330
6197 3016 4431 5856 3574 5391
6230 2937 4450 5823 4304 5344
6164 2960 4422 5907 4248 5073
6169 2983 4431 5884 3527 5363
6108 2880 4431 5874 1517 5317
6179 2955 4440 5870 4318 5377
6197 3035 4431 5799 1676 5303
6146 2969 4426 6310 4337 5340
6155 3054 4393 5884 1653 5298
