5902 5382 4389 6225 4384 4778
5823 2852 4356 6169 1934 4769
5921 2763 4365 6225 1915 4773
5846 2777 4370 6169 6811 4783
5851 2675 4379 6160 6942 4820
5888 2805 4356 6183 6871 4759
5879 2801 4407 6164 6857 4825
5879 2758 4398 6160 4393 4820
5865 2744 4398 6146 6890 4787
5945 2852 4346 6155 1948 4811
5879 2796 4393 6169 4403 4778
5907 2628 4398 6207 4361 4806
5884 2731 4417 6155 6802 4778
5846 2782 4389 6174 4356 4797
5879 2880 4389 6113 6815 4787
5856 2651 4375 6164 1920 4787
5874 2824 4346 6169 6815 4773
5949 5335 4356 6235 4365 4811
5879 2665 4384 6099 4412 4778
5865 2852 4337 6211 6890 4792
5841 2735 4389 6132 4384 4769
5818 5279 4375 6183 6895 4811
5837 2843 4407 6118 4309 4773
5898 2824 4393 6155 4407 4769
5865 2852 4337 6169 6806 4778
5898 2754 4389 6183 4379 4811
5879 2763 4393 6183 6871 4764
5893 5045 4384 6164 1911 4778
5931 2838 4346 6240 6942 4778
5907 2703 4403 6155 4375 4806
5865 2852 4351 6183 1981 4787
5870 2754 4370 6164 4398 4801
5851 2786 4379 6216 1840 4797
5841 2744 4365 6202 6886 4783
5879 2866 4375 6202 1920 4792
5846 4572 4412 6202 4445 4853
5865 2707 4389 6164 4389 4773
5898 2777 4379 6188 6825 4769
5902 2871 4398 6169 1887 4811
5879 3339 4426 6146 1929 4750
5898 2815 4300 6169 1948 4778
5884 2791 4403 6174 1958 4830
5860 2703 4356 6164 1901 4801
5888 5476 4375 6197 4473 4797
5898 5368 4384 6301 4379 4806
5888 2838 4384 6174 1990 4816
5898 2885 4398 6216 4365 4792
5907 2965 4370 6230 6881 4848
5893 5303 4370 6193 1995 4773
5902 2768 4370 6132 4389 4830
