5776 6937 4529 6244 7261 4581
5795 6586 4558 6310 6862 4581
5776 6563 4581 6211 7200 4572
5785 6867 4534 6230 7542 4665
5776 6558 4543 6258 6829 4623
5738 6829 4567 6207 7181 4595
5762 5162 4525 6235 6876 4581
5705 7017 4525 6164 7603 4642
5823 6788 4515 6244 6764 4600
5799 6619 4497 6291 6862 4614
5734 6993 4529 6244 6876 4576
5795 5555 4586 6188 7270 4600
5752 6450 4539 6179 7294 4604
5757 6937 4543 6249 7654 4600
5724 6492 4558 6268 7280 4586
5823 6989 4543 6211 7303 4590
5673 6624 4576 6263 6853 4633
5780 6558 4595 6211 7256 4558
5771 5504 4562 6216 7237 4609
5780 5537 4609 6286 7195 4581
5776 6951 4567 6230 7635 4562
5743 6666 4529 6230 7588 4623
5743 6834 4548 6249 7593 4609
5752 6909 4529 6221 7251 4567
5738 6558 4553 6230 7280 4572
5771 6811 4520 6268 6853 4567
5771 5523 4520 6179 6881 4604
5776 6741 4562 6291 7214 4609
5752 6380 4558 6221 7621 4581
5691 6727 4543 6230 6811 4562
5743 6708 4558 6179 6886 4539
5780 6717 4581 6216 6909 4586
5809 6511 4562 6249 6928 4576
5790 6904 4562 6122 6825 4581
5762 7003 4548 6272 7214 4558
5734 6806 4590 6244 6853 4614
5827 6502 4506 6249 7237 4633
5776 6609 4562 6225 6857 4637
5729 6890 4525 6272 6834 4562
5795 6478 4558 6169 6829 4590
5757 7083 4515 6141 6834 4609
5804 6853 4567 6263 6811 4600
5818 6511 4543 6268 7233 4562
5837 6502 4581 6240 7270 4600
5780 6694 4581 6136 6811 4595
5757 6755 4511 6225 7228 4581
5776 6783 4581 6221 6876 4600
5738 6577 4529 6174 6871 4633
5757 6586 4525 6193 6834 4628
5743 6797 4581 6211 7228 4581
