6029 10026 5078 5940 1882 4370
5982 9370 5078 5992 1798 4431
6057 10120 5176 5992 1831 4398
6057 10097 5110 5982 1906 4407
6038 9379 5082 5945 1901 4407
6076 9384 5031 6020 1882 4393
6024 9379 5026 6024 1901 4393
6001 10064 5063 5907 1892 4417
6001 8732 5021 5949 1878 4389
6020 9365 5007 6006 1840 4370
5992 9398 5092 5945 1836 4384
6020 10078 4965 5959 1840 4375
6024 10111 5078 5949 1864 4370
6057 9323 5035 5996 1821 4407
6057 9416 5003 5945 1868 4375
6029 10111 5040 6034 1878 4370
6029 9014 5021 5945 1850 4356
6076 9416 5031 5992 1934 4398
6010 8685 5054 6010 1864 4412
6020 10087 5190 5945 1864 4370
6024 10092 5068 5963 1868 4398
6029 7870 5026 5945 1882 4370
6057 8742 5054 5949 1911 4417
6029 8709 5101 5996 1836 4384
5968 10129 4993 5954 1854 4384
6038 10125 5115 5893 1845 4365
6029 9398 5012 6006 1892 4328
6038 10097 5068 5968 1878 4365
5963 10083 5092 6015 1920 4361
6048 10120 5054 6010 1878 4384
6034 10106 4965 6024 1775 4370
6034 10097 5082 6006 1906 4361
6071 8873 5134 5949 1826 4379
6057 9313 5073 6029 1878 4417
5992 9393 5115 5912 1845 4389
6029 10092 5012 5982 1821 4403
6043 10097 5007 5949 1864 4398
6024 8297 5012 6067 1840 4365
6089 10120 5045 5982 1812 4398
6034 10125 5026 5987 1892 4379
6029 9356 5031 5963 1845 4370
6043 10125 5021 5935 1901 4342
6010 8746 5167 5865 1826 4328
6010 7687 5082 6001 1854 4384
6099 10092 5078 5926 1882 4375
6048 10101 4961 6057 1882 4365
6038 8826 5073 5987 1812 4398
5987 10111 5082 5926 1817 4389
6076 8695 5049 5926 1854 4389
6043 9388 5003 5968 1892 4342
