6249 7579 4769 5898 6961 4389
6277 7294 4750 5856 6956 4384
6174 4740 4740 5907 6932 4375
6211 7298 4839 5884 6979 4412
6202 6993 4820 5945 7008 4375
6263 7317 4769 5870 6932 4398
6230 7617 4755 5921 6970 4422
6202 7621 4755 5954 6989 4445
6216 7294 4769 5902 6909 4403
6235 7237 4740 5935 6942 4384
6169 7593 4689 5893 6984 4426
6315 7565 4769 5884 7017 4351
6211 7579 4806 5846 7050 4342
6240 7008 4736 5912 6942 4323
6235 7247 4811 5959 6989 4379
6193 4862 4820 5893 6979 4393
6277 7678 4783 5968 6937 4407
6240 7631 4816 5851 6989 4370
6244 7640 4797 5837 7017 4361
6254 7322 4844 5921 6989 4346
6207 7621 4792 5884 6900 4342
6230 7280 4736 5926 6989 4332
6244 7612 4853 5954 6970 4384
6225 7635 4773 5907 6923 4370
6235 7355 4740 5973 7022 4375
6235 7341 4769 5935 6947 4370
6230 7312 4726 5940 6975 4445
6207 7635 4858 5879 6961 4454
6216 7326 4759 5846 7003 4412
6174 7345 4839 5907 6961 4314
6235 6947 4773 5902 4389 4379
6272 6942 4797 5870 6951 4351
6258 7607 4876 5917 7040 4337
6263 2027 4848 5931 6909 4417
6188 7626 4825 5902 6951 4375
6249 7294 4778 5879 6961 4398
6268 7336 4816 5945 6937 4389
6254 7607 4764 5884 6947 4389
6230 7584 4764 5874 6937 4361
6244 7640 4787 5879 6890 4450
6235 4755 4811 5813 6961 4389
6258 7612 4792 5902 6965 4389
6221 7579 4783 5884 6970 4431
6230 7640 4769 5813 6998 4304
6277 4755 4773 5921 6918 4351
6155 7584 4825 5902 6993 4398
6263 7654 4759 5898 6947 4365
6225 7603 4722 5870 6956 4365
6179 4755 4731 5865 6965 4351
6258 7228 4778 5898 6937 4304
