6071 7528 4379 6099 6427 5415
6034 7552 4332 6001 7256 5410
6071 7523 4337 6029 7092 5419
6057 7519 4375 6071 7326 5396
6057 4745 4375 6122 7195 5101
5959 5246 4389 6062 7256 5396
6071 7434 4365 6076 7341 5415
6024 7509 4403 6075 7162 5443
6071 7574 4393 6057 5349 5410
6057 7570 4304 6122 6413 5424
6053 7528 4398 6043 7261 5410
6057 6993 4389 6089 7214 5429
6080 7523 4445 6067 7120 5443
6015 5153 4342 6001 7125 5429
5931 7542 4436 6053 7350 5466
6006 7505 4393 6043 6319 5415
6076 7491 4379 6067 7383 5433
6038 7551 4407 6001 7139 5401
6062 6455 4393 6104 7322 5401
6034 7495 4422 6080 6418 5387
6006 7495 4384 6067 7101 5419
6062 5134 4407 6034 7129 5401
6075 7491 4417 6089 7383 5415
6015 7547 4393 6029 7322 5391
6067 7467 4426 6057 7298 5415
6053 7519 4422 6001 6305 5433
6020 7472 4393 6057 7434 5443
5977 7588 4393 6034 7205 5391
6071 7556 4431 6080 7209 5363
5987 7570 4379 6034 6319 5410
6038 7570 4393 6075 6301 5462
6048 7542 4361 6104 6437 5424
6062 7509 4328 6062 7341 5438
6024 5181 4393 6038 6399 5401
6071 7528 4422 6076 7369 5462
6053 7547 4440 6071 7284 5410
6076 7588 4422 6085 7083 5410
6010 7523 4440 5977 5396 5410
6029 5162 4417 5992 7256 5377
5996 7538 4393 6062 7294 5419
6057 7593 4379 5968 7134 5457
6067 7556 4332 6029 6249 5433
6029 7439 4393 5982 6291 5438
6057 7491 4403 6075 7453 5438
6015 7519 4412 6038 7444 5419
6015 7523 4422 6057 7359 5438
6038 7547 4403 6108 7280 5415
6020 7509 4403 6034 7312 5424
6001 7509 4417 6053 7144 5387
6034 7500 4398 6132 7383 5401
