6099 1676 4717 6371 1999 4459
6062 1667 4736 6305 2008 4529
6089 1611 4712 6333 2008 4459
6113 1634 4726 6324 1986 4464
6132 1620 4731 6310 4365 4501
6188 1611 4726 6286 1990 4539
6094 1671 4708 6272 2032 4487
6085 1662 4722 6478 4647 4483
6113 1690 4745 6404 2046 4478
6062 1681 4736 6418 4337 4440
6164 1559 4708 6352 2046 4464
6075 1667 4750 6413 1986 4492
6104 1620 4712 6338 9585 4454
6132 1602 4750 6296 6806 4389
6108 1624 4712 6338 2032 4483
6122 1606 4722 6296 1990 4478
6071 1559 4769 6319 1994 4473
6136 1648 4731 6404 2060 4454
6141 1728 4726 6305 2487 4436
6099 1653 4726 6310 2013 4506
6136 1588 4717 6338 9243 4473
6113 1653 4740 6437 1962 4412
6094 1620 4769 6371 4384 4501
6122 1643 4764 6352 1915 4478
6127 1700 4740 6380 9426 4501
6141 1662 4764 6324 1943 4478
6122 1625 4708 6380 2069 4501
6080 1583 4736 6324 1958 4501
6141 1667 4712 6371 4342 4497
6136 1662 4750 6347 5513 4445
6085 1625 4703 6282 5551 4450
6127 1629 4708 6352 1967 4492
6043 1489 4694 6347 1972 4483
6099 1657 4717 6404 2041 4520
6094 1597 4745 6310 1929 4511
6164 1611 4689 6272 7331 4501
6118 1634 4764 6329 2515 4483
6099 1625 4750 6291 2055 4515
6108 1653 4736 6338 1976 4492
6132 1616 4717 6422 4684 4501
6094 1681 4726 6319 4365 4473
6225 1657 4750 6268 1901 4501
6108 1639 4708 6404 6857 4473
6094 1588 4736 6282 4759 4440
6089 1643 4726 6352 1994 4511
6075 1676 4694 6361 4304 4459
6062 1718 4736 6225 1986 4450
6127 1583 4703 6343 1929 4515
6057 1555 4736 6347 5082 4450
6113 1555 4759 6282 4346 4445
