6258 2374 3428 6684 2815 3217
6235 2431 3461 6741 2768 3250
6268 2379 3447 6694 2786 3199
6315 2393 3447 6670 2791 3147
6310 2407 3480 6722 2852 3170
6235 2365 3442 6680 2833 3170
6310 2370 3480 6652 2857 3180
6296 2374 3442 6652 2782 3222
6282 2351 3414 6666 2791 3138
6207 2412 3433 6717 2829 3166
6272 2365 3480 6652 2805 3194
6202 2370 3438 6694 2810 3208
6221 2370 3457 6694 2824 3199
6249 2370 3438 6699 2801 3166
6263 2398 3419 6699 2815 3180
6272 2365 3428 6670 2819 3227
6333 2360 3428 6694 2796 3189
6258 2370 3447 6638 2824 3175
6286 2384 3457 6694 2805 3222
6282 2407 3442 6703 2824 3236
6301 2365 3447 6694 2801 3194
6235 2341 3438 6680 2829 3217
6296 2360 3471 6708 2838 3194
6282 2379 3442 6727 2838 3222
6244 2402 3391 6722 2791 3208
6263 2356 3475 6652 2852 3156
6249 2351 3428 6727 2796 3166
6254 2365 3428 6689 2777 3227
6286 2374 3475 6708 2786 3231
6272 2384 3480 6713 2777 3213
6263 2374 3461 6703 2782 3161
6240 2393 3410 6661 2829 3189
6272 2393 3447 6741 2843 3156
6310 2407 3424 6727 2824 3222
6268 2351 3438 6774 2829 3194
6254 2337 3442 6656 2838 3213
6277 2337 3457 6703 2829 3170
6230 2393 3428 6680 2819 3203
6286 2365 3428 6755 2824 3170
6244 2370 3438 6722 2824 3161
6254 2374 3461 6684 2824 3231
6305 2360 3447 6741 2866 3185
6319 2360 3447 6699 2833 3189
6254 2393 3447 6638 2805 3199
6272 2370 3447 6774 2815 3203
6235 2412 3461 6638 2824 3189
6244 2346 3471 6717 2819 3166
6310 2393 3461 6652 2824 3213
6235 2351 3452 6699 2819 3203
6333 2374 3405 6689 2810 3222
