6548 2698 3292 6202 2412 3217
6614 2665 3321 6216 2407 3185
6600 2637 3311 6183 2449 3213
6572 2642 3344 6230 2426 3194
6591 2665 3302 6183 2379 3199
6516 2642 3344 6174 2426 3213
6553 2656 3349 6179 2388 3236
6572 2684 3325 6254 2440 3203
6567 2665 3335 6193 2374 3208
6605 2689 3382 6216 2426 3213
6558 2675 3335 6164 2463 3203
6553 2642 3306 6179 2370 3231
6548 2665 3339 6211 2435 3213
6572 2604 3353 6197 2332 3175
6567 2660 3325 6216 2435 3194
6563 2684 3311 6179 2426 3189
6558 2675 3344 6183 2421 3189
6553 2675 3306 6183 2417 3236
6614 2632 3339 6216 2459 3170
6516 2665 3325 6183 2426 3217
6539 2670 3339 6230 2426 3208
6572 2684 3339 6183 2421 3222
6525 2670 3269 6225 2445 3208
6609 2651 3344 6225 2356 3217
6530 2656 3339 6179 2402 3241
6666 2642 3353 6216 2431 3231
6586 2651 3297 6216 2431 3189
6577 2712 3335 6193 2417 3199
6563 2689 3292 6174 2407 3199
6624 2679 3358 6216 2449 3199
6614 2679 3344 6193 2398 3250
6553 2651 3311 6193 2384 3213
6605 2689 3363 6211 2431 3208
6572 2665 3311 6188 2393 3199
6567 2675 3344 6211 2440 3213
6595 2689 3325 6183 2440 3203
6595 2703 3344 6221 2421 3203
6553 2651 3335 6197 2435 3208
6619 2651 3292 6146 2374 3255
6553 2637 3321 6249 2374 3231
6553 2684 3302 6216 2412 3203
6600 2679 3349 6211 2417 3236
6605 2632 3363 6211 2398 3213
6558 2712 3297 6179 2374 3217
6619 2660 3353 6155 2379 3227
6581 2651 3353 6207 2421 3236
6591 2665 3316 6202 2435 3236
6567 2679 3339 6179 2440 3203
6581 2679 3330 6150 2402 3231
6563 2698 3363 6202 2431 3208
