6343 2623 3012 6450 2538 3382
6329 2642 3030 6437 2515 3391
6338 2623 3058 6413 2510 3428
6352 2646 3049 6445 2524 3382
6272 2679 3073 6441 2524 3400
6315 2623 3073 6413 2538 3410
6333 2628 3016 6497 2501 3419
6338 2656 2969 6473 2510 3382
6324 2628 3040 6422 2524 3377
6343 2637 3068 6418 2510 3396
6361 2628 3016 6488 2538 3424
6394 2628 3058 6399 2515 3382
6301 2637 3049 6450 2492 3405
6305 2632 3040 6450 2543 3414
6352 2618 3016 6446 2506 3419
6310 2618 3040 6399 2510 3382
6291 2628 3002 6390 2534 3391
6343 2628 3012 6446 2529 3377
6296 2632 3035 6441 2520 3382
6347 2632 3007 6446 2520 3372
6347 2642 3044 6427 2538 3391
6319 2628 3016 6427 2534 3410
6343 2628 3068 6371 2506 3410
6301 2637 3016 6413 2510 3377
6329 2614 3049 6427 2520 3400
6343 2656 3100 6445 2538 3405
6305 2604 3063 6422 2487 3386
6333 2585 3026 6427 2543 3419
6319 2614 2974 6413 2524 3400
6329 2656 3035 6427 2510 3419
6315 2675 3049 6422 2515 3414
6376 2628 2993 6432 2534 3400
6305 2614 2979 6427 2478 3372
6319 2665 3026 6413 2524 3414
6352 2609 3049 6473 2529 3410
6315 2632 3007 6404 2534 3433
6277 2665 3091 6459 2520 3382
6282 2665 3044 6441 2501 3367
6357 2618 2983 6422 2529 3367
6315 2642 3058 6450 2548 3428
6347 2670 3105 6459 2543 3400
6329 2642 3040 6455 2515 3442
6338 2646 3007 6422 2496 3353
6324 2604 3007 6413 2515 3405
6305 2642 3087 6441 2487 3400
6301 2642 3002 6441 2487 3438
6305 2660 3002 6427 2501 3386
6319 2632 3082 6441 2520 3377
6366 2707 3040 6418 2487 3428
6333 2646 3073 6422 2543 3438
