6343 2402 3532 6455 2772 3002
6315 2393 3522 6497 2782 3016
6315 2379 3532 6441 2735 3030
6343 2393 3574 6464 2735 3030
6394 2398 3588 6455 2777 3030
6333 2417 3475 6478 2735 3026
6371 2407 3527 6492 2777 3068
6366 2384 3583 6478 2777 3058
6394 2374 3522 6488 2754 3091
6338 2398 3555 6446 2758 3058
6390 2360 3555 6478 2735 3054
6310 2379 3564 6478 2758 3063
6338 2407 3555 6488 2749 3030
6390 2393 3583 6520 2740 3044
6343 2402 3583 6478 2740 3049
6380 2374 3527 6450 2763 3077
6390 2421 3494 6446 2740 3049
6352 2431 3527 6455 2758 3044
6272 2402 3560 6516 2721 3073
6352 2417 3564 6464 2796 3026
6390 2388 3550 6473 2740 3021
6376 2402 3583 6478 2758 3082
6376 2440 3522 6516 2768 3002
6399 2398 3527 6492 2744 3068
6371 2384 3532 6459 2740 3049
6333 2412 3508 6492 2758 3087
6357 2393 3550 6441 2768 3016
6366 2440 3555 6544 2791 3030
6338 2370 3546 6445 2772 3054
6394 2402 3527 6455 2749 3091
6394 2360 3550 6455 2768 3030
6333 2431 3560 6473 2768 3035
6394 2393 3569 6488 2777 3007
6329 2388 3503 6473 2777 3016
6380 2407 3541 6441 2763 3049
6338 2407 3513 6511 2763 3044
6277 2393 3546 6478 2758 3016
6343 2365 3550 6478 2754 3049
6329 2360 3550 6492 2791 3044
6347 2388 3569 6511 2740 3035
6310 2407 3494 6483 2744 3058
6329 2379 3550 6445 2754 3030
6324 2407 3541 6497 2763 3044
6371 2431 3527 6497 2782 3021
6343 2431 3550 6469 2786 3035
6394 2407 3569 6502 2796 2998
6380 2407 3532 6483 2758 3016
6366 2388 3555 6473 2758 3073
6324 2421 3499 6502 2786 3082
6268 2398 3536 6492 2763 3044
