6432 2520 3438 6319 2590 3101
6441 2520 3442 6286 2571 3063
6459 2520 3419 6286 2571 3068
6437 2515 3471 6310 2553 3073
6427 2524 3452 6324 2576 3077
6390 2482 3457 6296 2585 3105
6478 2520 3452 6333 2595 3063
6394 2524 3410 6282 2585 3063
6385 2520 3447 6291 2590 3040
6469 2529 3489 6282 2604 3087
6427 2510 3457 6315 2567 3096
6418 2534 3442 6277 2604 3058
6450 2553 3452 6315 2567 3087
6371 2534 3452 6319 2562 3035
6441 2543 3442 6286 2557 3087
6413 2501 3405 6305 2581 3073
6492 2515 3419 6343 2576 3058
6455 2529 3442 6315 2599 3101
6488 2506 3457 6310 2581 3091
6441 2510 3503 6282 2590 3077
6445 2520 3466 6240 2557 3049
6450 2538 3438 6272 2609 3058
6390 2520 3438 6286 2618 3021
6445 2487 3485 6258 2557 3035
6413 2506 3461 6310 2576 3073
6432 2538 3452 6296 2585 3058
6450 2501 3438 6305 2567 3058
6413 2520 3428 6310 2567 3035
6413 2529 3475 6301 2581 3054
6459 2538 3447 6296 2618 3073
6497 2510 3428 6333 2576 3054
6441 2538 3424 6301 2595 3063
6394 2534 3396 6319 2581 3073
6445 2510 3457 6343 2553 3054
6441 2510 3442 6301 2576 3073
6459 2562 3461 6268 2590 3058
6445 2487 3447 6305 2576 3058
6502 2492 3424 6319 2562 3096
6459 2553 3461 6282 2581 3054
6445 2543 3442 6343 2618 3058
6413 2496 3447 6305 2576 3087
6506 2501 3489 6347 2543 3058
6408 2553 3480 6258 2599 3063
6422 2548 3428 6305 2581 3101
6464 2482 3503 6282 2562 3096
6366 2506 3475 6319 2571 3073
6459 2529 3522 6315 2562 3109
6450 2538 3457 6319 2595 3087
6446 2510 3438 6282 2585 3054
6445 2529 3475 6301 2609 3068
