6202 2463 3222 6534 2679 3316
6216 2426 3222 6530 2646 3311
6207 2482 3278 6558 2675 3325
6193 2459 3236 6605 2684 3316
6216 2445 3227 6572 2637 3321
6254 2478 3185 6539 2665 3344
6272 2435 3292 6553 2656 3255
6235 2440 3245 6534 2651 3335
6225 2421 3241 6558 2698 3349
6193 2463 3283 6619 2646 3316
6207 2440 3255 6567 2660 3330
6221 2506 3185 6553 2623 3306
6216 2449 3227 6539 2660 33663
6211 2407 3222 6520 2656 3292
6207 2482 3208 6577 2623 3335
6211 2431 3231 6628 2665 3288
6230 2449 3278 6534 2665 3349
6254 2449 3330 6558 2646 3349
6230 2402 3217 6506 2679 3302
6188 2454 3269 6548 2679 3335
6225 2435 3339 6567 2632 3316
6272 2510 3306 6553 2660 3325
6221 2431 3255 6530 2703 3367
6164 2482 3217 6534 2679 3321
6216 2449 3297 6572 2675 3311
6216 2463 3241 6534 2660 3288
6254 2445 3227 6591 2637 3311
6193 2468 3241 6530 2623 3335
6169 2412 3255 6577 2609 3255
6197 2454 3250 6548 2679 3335
6207 2435 3241 6572 2642 3363
6216 2482 3278 6558 2670 3302
6174 2478 3245 6577 2656 3306
6230 2407 3250 6563 2656 3288
6193 2473 3208 6553 2665 3302
6211 2459 3227 6577 2646 3297
6197 2454 3203 6525 2623 3367
6216 2459 3264 6577 2614 3283
6221 2445 3255 6516 2670 3353
6211 2440 3222 6525 2628 3260
6202 2473 3250 6591 2665 3335
6225 2473 3260 6567 2660 3288
6197 2506 3189 6591 2642 3288
6230 2454 3250 6563 2665 3335
6225 2454 3278 6600 2637 3330
6216 2449 3222 6520 2651 3344
6202 2449 3241 6539 2660 3292
6230 2417 3241 6581 2632 3292
6268 2482 3213 6530 2665 3321
6221 2426 3316 6605 2656 3349
