6680 2819 3217 6164 2313 3442
6633 2791 3231 6254 2271 3424
6633 2819 3175 6197 2290 3400
6656 2852 3175 6155 2327 3457
6656 2824 3194 6179 2313 3442
6699 2824 3250 6188 2290 3452
6680 2805 3194 6155 2337 3424
6652 2796 3185 6179 2332 3428
6661 2833 3227 6197 2285 3447
6680 2824 3175 6197 2290 3433
6656 2777 3166 6160 2295 3452
6666 2786 3199 6240 2304 3447
6684 2847 3147 6188 2313 3396
6656 2791 3264 6160 2309 3438
6591 2838 3208 6244 2323 3428
6619 2805 3208 6179 2285 3419
6638 2829 3170 6164 2337 3457
6628 2843 3161 6202 2295 3414
6642 2824 3208 6155 2281 3485
6684 2843 3208 6225 2271 3452
6675 2777 3156 6169 2337 3442
6656 2819 3203 6188 2323 3438
6656 2824 3222 6221 2295 3424
6661 2805 3156 6132 2266 3414
6666 2786 3170 6183 2318 3485
6722 2796 3180 6174 2290 3419
6652 2815 3133 6150 2243 3471
6642 2815 3194 6127 2276 3400
6694 2791 3170 6193 2304 3461
6694 2801 3161 6164 2281 3433
6675 2824 3185 6132 2285 3400
6628 2843 3161 6169 2266 3438
6656 2838 3245 6249 2285 3438
6638 2819 3208 6244 2299 3400
6708 2852 3175 6141 2313 3457
6675 2847 3222 6211 2295 3457
6642 2843 3170 6164 2313 3452
6699 2843 3227 6174 2266 3410
6680 2833 3203 6254 2276 3433
6684 2843 3147 6122 2290 3414
6638 2819 3185 6225 2304 3410
6684 2805 3189 6183 2309 3433
6661 2829 3185 6193 2304 3424
6689 2838 3180 6221 2295 3396
6652 2852 3208 6169 2285 3433
6633 2833 3194 6235 2323 3419
6661 2815 3185 6179 2281 3447
6680 2819 3241 6188 2266 3438
6638 2857 3203 6164 2341 3466
6638 2805 3245 6197 2281 3414
