6525 2838 3101 6291 2379 3522
6516 2791 3105 6282 2393 3546
6530 2829 3096 6347 2374 3541
6539 2791 3082 6333 2407 3574
6544 2805 3105 6268 2407 3532
6548 2791 3091 6338 2370 3513
6511 2833 3101 6329 2393 3546
6544 2805 3128 6315 2402 3522
6558 2815 3087 6310 2402 3503
6577 2824 3142 6296 2435 3541
6548 2824 3087 6315 2431 3560
6553 2833 3109 6296 2384 3518
6506 2768 3082 6338 2384 3569
6539 2786 3082 6376 2398 3494
6497 2847 3133 6329 2393 3532
6581 2782 3119 6319 2440 3546
6478 2801 3105 6347 2370 3583
6563 2819 3119 6329 2417 3527
6558 2810 3119 6333 2365 3555
6553 2791 3077 6286 2421 3485
6530 2796 3058 6343 2440 3569
6483 2833 3100 6338 2440 3541
6534 2838 3087 6305 2402 3503
6558 2805 3105 6296 2412 3518
6553 2791 3063 6315 2417 3546
6530 2829 3068 6221 2346 3536
6572 2777 3101 6324 2374 3489
6530 2819 3142 6347 2374 3583
6581 2772 3101 6286 2341 3471
6506 2782 3119 6282 2407 3499
6558 2838 3105 6296 2426 3536
6516 2810 3105 6347 2384 3579
6530 2852 3087 6329 2374 3532
6502 2801 3105 6333 2402 3527
6530 2791 3096 6343 2374 3522
6539 2815 3100 6338 2412 3508
6502 2796 3096 6366 2384 3503
6488 2824 3096 6324 2356 3532
6563 2768 3077 6310 2313 3550
6544 2829 3119 6352 2332 3532
6581 2805 3068 6268 2337 3513
6502 2801 3096 6286 2351 3569
6520 2801 3101 6338 2365 3532
6539 2815 3100 6310 2318 3536
6530 2819 3105 6310 2327 3541
6488 2805 3100 6305 2323 3513
6534 2824 3105 6324 2327 3503
6567 2791 3082 6301 2365 3560
6497 2833 3101 6315 2318 3522
6492 2862 3119 6357 2313 3503
