6085 2735 3054 6357 3194 2548
6071 2758 3007 6286 3203 2515
6104 2740 3016 6329 3142 2520
6075 2703 3026 6338 3119 2501
6094 2754 3026 6347 3100 2510
6132 2684 3012 6301 3142 2501
6075 2717 3021 6305 3175 2529
6108 2726 2988 6291 3170 2562
6080 2721 3040 6305 3152 2562
6104 2693 3054 6272 3147 2482
6099 2670 2988 6343 3096 2529
6141 2749 3068 6338 3133 2510
6075 2712 3007 6272 3161 2524
6089 2731 3044 6291 3114 2506
6085 2740 3021 6324 3156 2567
6085 2754 3040 6319 3109 2510
6099 2693 3068 6315 3180 2538
6085 2735 3040 6286 3189 2557
6075 2726 3026 6291 3180 2585
6075 2703 3021 6258 3142 2520
6067 2707 3063 6291 3100 2501
6053 2740 3077 6291 3161 2506
6104 2684 3026 6282 3152 2553
6094 2740 3063 6319 3203 2510
6043 2656 3082 6319 3185 2571
6104 2693 3082 6319 3142 2538
6132 2721 3035 6286 3105 2534
6067 2703 3030 6272 3128 2506
6085 2740 3068 6319 3114 2538
6048 2740 3063 6310 3147 2520
6089 2731 3068 6286 3156 2496
6118 2740 3073 6301 3109 2520
6085 2646 3016 6301 3142 2534
6076 2660 3058 6296 3109 2510
6108 2731 3063 6310 3124 2524
6094 2712 3021 6319 3175 2492
6104 2675 3049 6305 3142 2534
6076 2703 3073 6291 3142 2501
6075 2660 3054 6296 3147 2524
6089 2726 3040 6315 3152 2524
6053 2754 3002 6343 3138 2548
6080 2744 3040 6310 3166 2506
6071 2698 3016 6286 3133 2538
6132 2744 3021 6338 3133 2529
6053 2703 3026 6333 3152 2510
6080 2740 3012 6324 3161 2557
6048 2726 2983 6282 3119 2520
6057 2763 3016 6286 3138 2524
6071 2735 3002 6333 3100 2506
6062 2749 3082 6291 3161 2562
