5949 2749 2946 6441 3105 2689
5959 2740 2932 6394 3105 2670
5982 2717 2993 6427 3087 2670
5912 2693 2941 6371 3100 2679
5968 2731 2937 6441 3100 2693
5879 2749 2974 6427 3109 2703
5949 2754 2937 6437 3096 2721
5912 2707 2927 6418 3063 2675
5940 2703 2993 6441 3109 2614
5902 2758 2974 6371 3101 2679
5963 2735 2951 6422 3082 2703
5935 2735 2894 6441 3142 2703
5949 2763 2922 6455 3105 2693
5935 2735 2937 6427 3101 2684
5935 2717 2932 6408 3082 2689
5931 2731 2955 6427 3035 2689
5973 2721 2946 6459 3087 2684
5884 2721 2946 6394 3096 2684
5973 2731 2955 6446 3096 2721
5963 2744 2965 6427 3077 2693
5902 2712 2904 6418 3091 2703
5935 2735 2951 6413 3068 2698
5935 2768 2965 6432 3082 2703
5917 2740 2880 6432 3054 2712
6015 2731 2937 6432 3105 2693
5926 2698 2965 6338 3100 2679
5959 2721 2955 6404 3058 2698
6029 2698 2983 6380 3091 2740
5907 2717 2922 6399 3105 2675
5912 2717 2955 6432 3068 2698
5902 2698 2927 6408 3068 2707
5959 2735 2932 6441 3109 2721
5949 2717 2960 6422 3105 2656
5888 2712 2998 6422 3101 2707
6006 2735 2979 6390 3082 2703
5940 2744 2960 6427 3040 2703
5893 2698 2993 6441 3077 2707
5977 2735 2937 6380 3073 2670
5912 2721 2941 6450 3082 2675
5879 2731 2890 6404 3087 2679
5898 2731 2960 6408 3101 2703
5926 2717 2937 6399 3100 2735
5912 2712 2998 6441 3087 2684
5926 2693 2941 6418 3073 2679
6006 2731 2951 6366 3101 2726
5917 2735 2960 6473 3105 2698
5884 2744 2955 6376 3096 2693
5898 2707 2979 6455 3105 2717
5921 2726 2927 6437 3082 2721
5926 2703 2955 6441 3040 2698
