6390 3152 2796 6015 2712 2955
6394 3161 2772 5926 2735 2993
6380 3142 2749 5902 2744 2955
6376 3152 2763 5954 2703 2974
6404 3161 2717 5945 2731 2960
6437 3133 2786 5902 2721 2955
6390 3185 2801 5907 2731 2965
6371 3189 2763 5940 2758 2955
6404 3194 2786 5945 2731 2983
6357 3189 2772 5945 2754 3007
6422 3180 2786 5963 2744 2974
6371 3147 2749 5949 2726 2965
6427 3138 2791 5884 2712 3012
6366 3138 2763 5940 2717 2998
6399 3133 2796 5959 2763 2960
6352 3203 2819 5959 2735 2951
6422 3133 2740 5912 2740 2955
6459 3101 2786 5931 2735 3012
6418 3109 2805 5968 2758 2951
6357 3156 2749 5926 2707 2946
6366 3166 2758 5898 2740 2974
6441 3180 2810 5940 2698 2998
6446 3208 2815 5987 2679 2974
6413 3156 2801 5977 2712 2979
6347 3138 2758 5898 2703 2946
6432 3180 2786 5888 2731 2960
6404 3152 2735 5959 2735 2974
6446 3166 2735 5870 2731 2969
6404 3156 2791 5917 2758 3007
6361 3147 2744 5907 2768 2946
6394 3138 2740 5949 2717 3002
6404 3142 2768 5935 2735 2960
6445 3166 2791 5945 2731 2969
6390 3142 2777 5935 2684 2969
6324 3170 2777 6020 2726 2960
6441 3170 2786 5902 2693 2960
6432 3166 2810 5982 2758 2941
6427 3152 2763 5940 2754 2951
6427 3114 2768 5954 2731 2965
6366 3175 2735 5945 2744 2951
6361 3109 2791 5865 2726 2969
6432 3128 2758 5865 2684 2979
6455 3152 2768 5907 2735 2960
6394 3152 2744 5954 2731 2946
6427 3152 2791 5945 2721 2955
6333 3138 2782 5917 2763 2965
6422 3119 2754 5963 2744 2974
6445 3133 2758 5935 2754 2937
6418 3138 2735 5926 2703 2969
6418 3156 2749 5926 2712 2941
