6277 3180 2515 5992 2632 2941
6272 3170 2548 6024 2656 2969
6291 3124 2553 6001 2651 2904
6296 3189 2529 6053 2656 3021
6272 3142 2520 6001 2703 2979
6282 3161 2562 5992 2642 2899
6249 3142 2506 6015 2642 2937
6244 3180 2534 6071 2693 2908
6244 3152 2515 5963 2614 2927
6230 3175 2529 6038 2623 2927
6268 3189 2534 6043 2656 2955
6291 3180 2501 6043 2698 2974
6291 3170 2567 6015 2665 2951
6272 3170 2538 6043 2651 2941
6235 3147 2524 6062 2679 2955
6221 3208 2510 6048 2637 2932
6277 3142 2538 6057 2684 2932
6268 3208 2538 6057 2651 2951
6277 3180 2529 6006 2670 2946
6329 3105 2543 6048 2707 2932
6254 3124 2538 6067 2679 2983
6254 3119 2534 6006 2637 2960
6286 3114 2515 6071 2660 2955
6291 3133 2571 6043 2646 2941
6244 3185 2496 6034 2693 2904
6249 3138 2553 6057 2665 2998
6268 3133 2548 6015 2703 2927
6282 3119 2529 6015 2637 2951
6235 3152 2529 6038 2604 2918
6282 3194 2553 6034 2698 2918
6268 3142 2543 6010 2656 2932
6254 3199 2515 5996 2665 2941
6277 3124 2557 6108 2623 2960
6296 3124 2538 6043 2679 2955
6244 3138 2543 6020 2665 2932
6286 3124 2524 5987 2628 2955
6258 3166 2538 6038 2684 2932
6230 3156 2520 6071 2675 2965
6272 3170 2529 6043 2651 2937
6249 3156 2501 6001 2614 2908
6272 3119 2562 6067 2675 2979
6230 3119 2548 6038 2675 2927
6263 3142 2492 6034 2660 2922
6291 3166 2534 6034 2618 2927
6263 3180 2543 6043 2595 2927
6272 3124 2548 6006 2609 2941
6268 3105 2543 6029 2693 2913
6272 3100 2548 5982 2646 2913
6258 3180 2515 5996 2689 2993
6249 3156 2557 6071 2628 2974
