5977 2880 2824 6221 2965 2749
6006 2894 2782 6272 2932 2810
5935 2890 2782 6291 2918 2768
5968 2791 2805 6221 2908 2791
5992 2833 2805 6310 2876 2740
5907 2899 2768 6277 2922 2786
5982 2890 2772 6254 2871 2772
6006 2866 2777 6235 2852 2740
5963 2833 2782 6235 2922 2772
5945 2866 2758 6272 2894 2777
5884 2782 2749 6258 2908 2749
5963 2796 2819 6296 2908 2810
5949 2885 2791 6263 2951 2801
5959 2862 2796 6296 2974 2796
5935 2880 2782 6254 2890 2749
5973 2880 2805 6291 2876 2758
5907 2819 2815 6188 2918 2754
5963 2904 2744 6254 2922 2754
5959 2838 2796 6268 2937 2786
5926 2890 2786 6225 2918 2777
5959 2833 2801 6277 2927 2815
6010 2862 2777 6282 2894 2796
5982 2862 2768 6277 2946 2754
5968 2777 2815 6211 2922 2810
5949 2796 2786 6244 2904 2763
5917 2862 2819 6207 2955 2763
5963 2871 2782 6249 2937 2801
5884 2862 2754 6211 2894 2758
5973 2819 2810 6202 2890 2758
6001 2913 2768 6282 2955 2815
5931 2852 2786 6263 2927 2740
5963 2819 2829 6197 2885 2796
5963 2833 2815 6216 2908 2805
5949 2829 2768 6244 2885 2782
5945 2843 2819 6235 2894 2740
5963 2810 2744 6310 2871 2744
5931 2791 2819 6225 2899 2749
5945 2862 2772 6296 2922 2744
5912 2838 2758 6211 2894 2754
5959 2862 2735 6225 2946 2815
6048 2847 2815 6272 2932 2740
5935 2862 2801 6305 2922 2805
5949 2843 2772 6296 2932 2824
5982 2862 2805 6240 2927 2815
5912 2880 2805 6272 2899 2735
5949 2885 2754 6258 2908 2786
5940 2876 2749 6291 2969 2754
5935 2871 2772 6244 2918 2754
6001 2815 2810 6296 2894 2740
5935 2918 2749 6193 2932 2796
