6310 2927 2815 5963 2899 2786
6258 2960 2754 5935 2922 2777
6357 2979 2824 5935 2862 2754
6286 2951 2786 5940 2866 2763
6319 2951 2824 5954 2880 2805
6301 2974 2829 5945 2899 2749
6324 2993 2777 5954 2857 2721
6324 2969 2786 6001 2871 2768
6343 2965 2805 5931 2871 2777
6301 2979 2782 5982 2862 2782
6286 2969 2791 5926 2843 2772
6301 3016 2815 5954 2899 2791
6291 2983 2777 5940 2838 2768
6282 2969 2782 5977 2857 2758
6324 2979 2805 5940 2885 2749
6329 2927 2824 5992 2880 2744
6301 2965 2819 5987 2885 2763
6315 2960 2744 5982 2847 2777
6301 2941 2801 5931 2838 2782
6310 2965 2768 6006 2857 2749
6333 2983 2833 5907 2847 2735
6301 2946 2815 5963 2866 2772
6310 2937 2796 5973 2838 2791
6333 2960 2819 6006 2890 2796
6296 3007 2819 5935 2871 2744
6305 2951 2829 6001 2847 2763
6343 3026 2782 5949 2894 2777
6310 2965 2791 5949 2866 2805
6385 2937 2815 6006 2885 2768
6352 2955 2782 5963 2894 2768
6249 2993 2815 5940 2871 2772
6329 2941 2815 5949 2871 2763
6305 2955 2796 5982 2941 2768
6301 2955 2810 5921 2871 2740
6301 2998 2815 5973 2857 2772
6333 2974 2768 5921 2857 2758
6333 2979 2847 5931 2876 2763
6305 2988 2810 5959 2843 2777
6366 2955 2824 5968 2876 2754
6296 2965 2782 5945 2857 2772
6319 2955 2819 6006 2927 2763
6286 2979 2796 5921 2857 2819
6282 2974 2796 5917 2852 2772
6291 2960 2805 5973 2810 2786
6272 2946 2801 5959 2866 2768
6310 2960 2796 5963 2866 2777
6338 2974 2810 5898 2852 2782
6315 2951 2796 5982 2880 2768
6333 2946 2796 5996 2833 2744
6296 2974 2805 5954 2866 2786
