6225 2754 2847 6169 3016 2599
6188 2786 2862 6089 2998 2618
6188 2782 2852 6094 2998 2595
6211 2786 2899 6085 3021 2590
6150 2758 2880 6118 3012 2632
6193 2763 2810 6071 3021 2637
6183 2735 2899 6104 2965 2595
6164 2763 2824 6113 2993 2609
6188 2754 2871 6085 3002 2599
6225 2791 2876 6071 2988 2614
6221 2782 2824 6085 3007 2581
6155 2749 2908 6141 2988 2604
6235 2749 2829 6076 2983 2599
6183 2763 2838 6094 3040 2646
6216 2735 2918 6108 3002 2595
6174 2782 2913 6122 2998 2599
6146 2744 2862 6108 3016 2604
6174 2782 2833 6076 3007 2599
6221 2772 2824 6089 2979 2609
6235 2740 2904 6057 2974 2618
6164 2731 2871 6094 2960 2646
6174 2791 2857 6122 2983 2614
6258 2810 2880 6075 3040 2614
6216 2744 2908 6075 3026 2609
6230 2749 2876 6169 3012 2599
6225 2758 2843 6071 2998 2599
6188 2777 2843 6085 3021 2557
6179 2786 2843 6071 2993 2581
6155 2758 2885 6085 2951 2595
6188 2768 2899 6076 3035 2585
6146 2763 2885 6118 3030 2609
6230 2744 2843 6132 2955 2581
6277 2772 2880 6164 2979 2590
6202 2786 2852 6094 3030 2599
6150 2805 2852 6132 3016 2651
6202 2735 2871 6099 2937 2609
6225 2744 2876 6094 3021 2576
6249 2749 2852 6062 3016 2623
6188 2782 2810 6113 3030 2585
6225 2740 2866 6141 2993 2571
6197 2726 2885 6067 3002 2557
6193 2805 2852 6094 2974 2604
6207 2754 2847 6094 2965 2632
6225 2754 2904 6118 2993 2590
6179 2768 2838 6132 2974 2618
6146 2749 2908 6146 3012 2590
6132 2754 2852 6164 2983 2604
6221 2768 2866 6122 3002 2642
6207 2735 2871 6080 3007 2609
6155 2744 2843 6164 3002 2628
