6132 2960 2656 6132 2801 2791
6108 3021 2656 6122 2758 2866
6075 2979 2656 6099 2740 2862
6127 2998 2618 6193 2791 2815
6089 2979 2632 6179 2717 2852
6085 3007 2646 6089 2772 2829
6085 2941 2646 6127 2768 2786
6071 3030 2651 6099 2796 2796
6113 2998 2637 6155 2796 2847
6071 2998 2614 6104 2782 2871
6080 3016 2642 6141 2777 2866
6071 3021 2599 6108 2749 2819
6094 3002 2623 6155 2805 2815
6122 3040 2623 6132 2758 2890
6085 2998 2628 6127 2768 2885
6108 2969 2614 6136 2740 2819
6085 2941 2623 6155 2749 2862
6146 2979 2632 6202 2768 2777
6089 3002 2646 6146 2768 2763
6108 2965 2618 6132 2758 2796
6071 2965 2614 6169 2801 2805
6089 2927 2642 6113 2763 2847
6071 2979 2670 6146 2744 2819
6108 2988 2660 6141 2735 2829
6085 2965 2656 6164 2763 2796
6132 3026 2670 6113 2768 2824
6071 3016 2623 6136 2763 2871
6089 3007 2665 6174 2786 2829
6122 2965 2646 6193 2749 2801
6127 2998 2628 6127 2772 2829
6122 2993 2618 6113 2796 2810
6067 2974 2656 6127 2768 2829
6094 2979 2623 6188 2758 2866
6146 2998 2628 6108 2763 2791
6071 3035 2646 6136 2763 2819
6062 2974 2665 6183 2786 2824
6132 2979 2614 6113 2740 2805
6118 2960 2632 6104 2782 2801
6104 3007 2614 6146 2791 2796
6127 2969 2628 6132 2801 2833
6113 2913 2632 6118 2782 2847
6108 2974 2637 6150 2754 2786
6089 2979 2614 6164 2768 2782
6085 2955 2665 6118 2786 2852
6071 2965 2651 6183 2791 2847
6118 2941 2637 6094 2777 2801
6089 2998 2646 6188 2768 2782
6099 3012 2646 6094 2758 2829
6067 2979 2623 6155 2754 2819
6108 3002 2646 6150 2772 2763
