6122 3555 2585 5841 3433 2726
6113 3569 2599 5823 3461 2693
6118 3588 2567 5795 3452 2735
6202 3583 2614 5846 3457 2707
6150 3546 2599 5734 3475 2731
6169 3583 2609 5804 3499 2721
6122 3536 2609 5846 3499 2703
6240 3546 2618 5813 3461 2698
6174 3522 2614 5874 3452 2731
6164 3621 2581 5841 3475 2717
6160 3499 2614 5813 3494 2735
6108 3602 2595 5837 3438 2735
6150 3564 2599 5823 3532 2735
6104 3569 2585 5799 3438 2707
6155 3536 2585 5823 3522 2731
6240 3574 2576 5879 3499 2707
6136 3527 2614 5851 3471 2665
6202 3541 2581 5846 3494 2693
6174 3607 2585 5818 3513 2717
6188 3546 2632 5860 3466 2731
6108 3527 2614 5837 3508 2740
6136 3527 2595 5766 3508 2726
6150 3527 2585 5837 3447 2717
6169 3588 2609 5771 3442 2707
6150 3564 2646 5856 3494 2735
6099 3588 2581 5827 3475 2740
6174 3588 2632 5846 3518 2749
6108 3569 2642 5823 3461 2721
6174 3569 2614 5799 3466 2670
6104 3583 2618 5832 3494 2712
6225 3611 2637 5832 3475 2735
6216 3611 2618 5832 3457 2712
6136 3536 2614 5785 3457 2740
6160 3564 2595 5823 3513 2656
6164 3593 2599 5827 3503 2703
6169 3630 2595 5813 3494 2707
6216 3621 2553 5879 3461 2707
6197 3583 2604 5884 3518 2689
6146 3593 2632 5837 3457 2740
6108 3546 2614 5780 3494 2731
6122 3555 2548 5809 3457 2698
6075 3518 2656 5823 3447 2675
6202 3518 2581 5902 3522 2740
6183 3555 2595 5827 3471 2735
6132 3602 2581 5785 3475 2717
6240 3574 2609 5832 3522 2703
6183 3546 2557 5827 3466 2689
6174 3602 2567 5804 3466 2721
6132 3616 2609 5856 3503 2717
6113 3560 2609 5846 3457 2735
