5790 3485 2679 6146 3541 2501
5851 3513 2665 6150 3541 2520
5804 3560 2689 6136 3579 2473
5818 3508 2670 6169 3583 2510
5846 3508 2689 6202 3522 2520
5851 3485 2712 6136 3574 2510
5846 3522 2670 6127 3597 2557
5846 3569 2707 6155 3532 2510
5851 3536 2703 6146 3546 2534
5846 3532 2660 6155 3550 2557
5902 3518 2679 6179 3583 2520
5898 3532 2726 6127 3494 2538
5795 3522 2698 6225 3546 2534
5813 3518 2670 6202 3616 2496
5865 3546 2684 6179 3532 2496
5846 3541 2707 6146 3583 2548
5846 3546 2684 6141 3569 2496
5865 3494 2717 6202 3574 2482
5860 3550 2670 6207 3546 2534
5841 3550 2679 6235 3555 2487
5898 3518 2707 6155 3588 2534
5870 3569 2712 6122 3574 2529
5851 3503 2684 6235 3541 2510
5841 3560 2698 6150 3560 2492
5846 3513 2670 6183 3522 2524
5898 3536 2665 6155 3588 2496
5846 3494 2665 6160 3550 2496
5865 3489 2689 6164 3518 2501
5893 3550 2670 6094 3503 2524
5870 3499 2675 6169 3546 2520
5827 3508 2712 6080 3541 2496
5893 3489 2698 6146 3546 2478
5804 3522 2689 6174 3550 2520
5780 3583 2698 6132 3546 2548
5813 3480 2660 6113 3602 2510
5874 3518 2670 6150 3546 2557
5823 3541 2717 6160 3564 2524
5832 3513 2665 6225 3546 2529
5851 3499 2731 6122 3564 2510
5827 3555 2726 6174 3532 2520
5809 3536 2679 6179 3569 2557
5884 3499 2721 6113 3574 2501
5865 3574 2693 6136 3583 2562
5832 3579 2707 6207 3560 2534
5907 3480 2689 6174 3550 2482
5823 3527 2684 6211 3513 2524
5856 3555 2707 6118 3550 2553
5823 3532 2703 6113 3560 2538
5898 3555 2712 6146 3579 2553
5813 3541 2703 6118 3499 2506
