5898 3302 2819 6193 3813 2435
5907 3316 2824 6174 3780 2398
5945 3311 2786 6160 3799 2412
5860 3311 2801 6221 3780 2445
5893 3330 2772 6211 3780 2459
5884 3283 2768 6193 3794 2440
5879 3325 2796 6202 3851 2440
5893 3278 2805 6188 3766 2384
5856 3311 2819 6230 3799 2398
5874 3302 2824 6207 3790 2445
5926 3302 2833 6207 3827 2426
5879 3302 2805 6197 3799 2454
5898 3264 2829 6174 3813 2435
5921 3311 2768 6221 3836 2496
5921 3292 2768 6193 3851 2417
5870 3297 2801 6174 3832 2407
5921 3288 2810 6164 3780 2449
5832 3311 2819 6164 3804 2449
5874 3269 2810 6230 3808 2454
5865 3292 2815 6160 3808 2421
5851 3283 2833 6211 3799 2421
5926 3297 2819 6179 3799 2468
5879 3264 2819 6197 3813 2463
5912 3292 2796 6179 3808 2421
5860 3269 2838 6174 3790 2440
5902 3306 2810 6164 3790 2431
5856 3292 2796 6179 3794 2421
5893 3325 2758 6202 3818 2393
5931 3330 2824 6146 3761 2459
5879 3283 2782 6136 3771 2398
5931 3302 2819 6193 3785 2356
5912 3297 2772 6230 3808 2374
5926 3278 2805 6183 3776 2426
5874 3316 2791 6202 3794 2412
5921 3321 2815 6164 3813 2398
5874 3325 2782 6202 3818 2431
5907 3302 2791 6188 3813 2445
5907 3316 2819 6188 3822 2463
5888 3311 2819 6160 3766 2417
5874 3283 2786 6202 3790 2454
5902 3339 2824 6179 3832 2398
5907 3335 2801 6221 3776 2384
5884 3269 2810 6183 3761 2445
5926 3283 2796 6188 3813 2478
5898 3302 2833 6155 3804 2407
5949 3311 2833 6235 3794 2384
5856 3316 2796 6207 3794 2431
5907 3292 2777 6244 3804 2445
5902 3292 2805 6169 3785 2417
5874 3306 2852 6160 3804 2449
