6155 3859 2506 5870 3372 2665
6071 3836 2482 5888 3316 2665
6169 3855 2553 5884 3339 2707
6155 3873 2459 5935 3330 2684
6141 3855 2468 5804 3325 2660
6122 3841 2510 5879 3363 2689
6076 3841 2524 5813 3372 2684
6085 3841 2534 5860 3349 2670
6089 3822 2473 5902 3372 2689
6155 3851 2576 5912 3349 2670
6122 3873 2496 5832 3311 2703
6155 3818 2431 5874 3363 2721
6150 3845 2478 5888 3321 2675
6127 3845 2487 5931 3316 2698
6127 3808 2520 5879 3321 2698
6188 3873 2478 5870 3363 2670
6169 3916 2459 5921 3306 2693
6193 3851 2510 5888 3344 2656
6075 3869 2454 5813 3292 2689
6132 3869 2492 5799 3321 2707
6160 3873 2435 5898 3335 2717
6108 3855 2496 5907 3335 2684
6108 3855 2482 5870 3311 2684
6094 3794 2496 5907 3297 2684
6122 3846 2562 5898 3353 2665
6099 3827 2449 5846 3306 2656
6127 3813 2553 5870 3297 2726
6136 3785 2463 5888 3330 2684
6108 3841 2534 5809 3306 2721
6127 3864 2520 5879 3372 2656
6141 3827 2482 5879 3325 2675
6141 3813 2510 5907 3358 2698
6141 3873 2440 5898 3321 2637
6118 3850 2478 5860 3344 2684
6071 3902 2440 5841 3335 2660
6099 3827 2468 5856 3325 2703
6179 3804 2459 5884 3344 2651
6141 3906 2496 5902 3344 2726
6080 3845 2501 5837 3335 2679
6085 3845 2478 5907 3330 2675
6094 3836 2468 5888 3297 2698
6150 3864 2459 5935 3325 2684
6169 3878 2487 5860 3321 2731
6169 3887 2412 5870 3311 2698
6099 3887 2463 5926 3353 2703
6155 3845 2463 5888 3325 2675
6099 3790 2454 5865 3321 2670
6113 3934 2445 5935 3297 2660
6127 3850 2445 5846 3316 2693
6118 3827 2431 5860 3353 2660
