6038 3363 2670 6099 3813 2506
6010 3414 2665 6085 3743 2524
5935 3288 2665 6099 3776 2529
6006 3339 2684 6048 3804 2553
5996 3339 2693 6053 3813 2449
5954 3344 2665 6067 3808 2538
5977 3367 2656 6001 3766 2520
6001 3400 2670 6099 3785 2524
5987 3358 2689 6067 3757 2529
5940 3330 2670 6071 3794 2571
5921 3358 2632 6076 3794 2492
6006 3358 2665 6113 3771 2538
6015 3344 2656 6053 3771 2543
5982 3349 2651 6071 3747 2585
5898 3344 2660 6076 3808 2543
5959 3349 2679 6076 3766 2524
5973 3316 2675 6067 3813 2543
5945 3339 2679 6057 3813 2567
5968 3363 2646 6071 3705 2543
5992 3330 2698 6080 3790 2524
5949 3306 2646 6094 3818 2557
6001 3372 2693 6071 3771 2595
6038 3363 2665 6085 3785 2515
5959 3349 2693 6071 3780 2520
5902 3353 2660 6080 3710 2520
5968 3344 2665 6071 3790 2553
6029 3344 2651 6071 3752 2567
5959 3344 2670 6048 3808 2562
6006 3353 2679 6085 3771 2562
5992 3349 2707 6076 3747 2548
5940 3358 2646 6038 3822 2543
6029 3367 2646 6076 3808 2548
5940 3372 2665 6067 3738 2538
5977 3363 2693 6089 3799 2557
5977 3363 2693 6099 3766 2529
6024 3382 2646 6089 3836 2529
5968 3353 2679 6043 3776 2510
5917 3382 2679 6099 3752 2538
5940 3321 2670 6029 3696 2538
6029 3353 2693 6029 3827 2548
5954 3349 2651 6053 3757 2529
5945 3344 2656 6071 3841 2557
6006 3405 2679 6038 3818 2557
5917 3358 2665 6071 3818 2553
6006 3363 2684 6122 3771 2515
6010 3321 2646 6076 3804 2562
6001 3302 2660 6122 3804 2534
5973 3311 2675 6076 3785 2557
5954 3344 2670 6067 3761 2510
5949 3311 2637 6043 3757 2520
