5841 3400 2791 6324 3691 2374
5795 3363 2772 6286 3696 2365
5856 3372 2810 6310 3738 2393
5841 3396 2772 6329 3738 2417
5851 3400 2786 6315 3780 2393
5799 3363 2819 6301 3672 2388
5790 3353 2819 6254 3752 2407
5804 3382 2791 6244 3738 2454
5841 3382 2786 6301 3700 2435
5823 3405 2777 6272 3719 2440
5841 3414 2786 6277 3715 2379
5790 3419 2824 6347 3724 2374
5762 3396 2786 6282 3743 2426
5832 3353 2829 6291 3710 2379
5823 3410 2805 6333 3705 2463
5795 3405 2796 6329 3785 2431
5790 3386 2796 6333 3715 2407
5804 3396 2838 6324 3729 2412
5799 3391 2805 6296 3780 2421
5827 3353 2819 6291 3733 2398
5795 3372 2782 6291 3691 2449
5762 3382 2810 6301 3719 2379
5780 3405 2847 6352 3757 2402
5809 3382 2810 6333 3705 2402
5809 3353 2810 6324 3715 2431
5804 3396 2782 6291 3719 2412
5795 3382 2810 6291 3724 2421
5818 3410 2819 6282 3705 2421
5818 3367 2815 6263 3672 2417
5795 3410 2796 6329 3705 2417
5827 3410 2791 6282 3672 2393
5832 3386 2801 6301 3729 2421
5790 3382 2819 6296 3738 2407
5837 3386 2833 6301 3691 2370
5766 3405 2819 6324 3672 2384
5846 3377 2801 6291 3677 2402
5837 3410 2810 6249 3715 2379
5762 3414 2824 6272 3724 2431
5795 3372 2782 6291 3724 2412
5799 3386 2810 6282 3691 2393
5823 3382 2824 6282 3724 2421
5766 3405 2801 6291 3719 2440
5818 3447 2819 6277 3724 2421
5823 3372 2801 6301 3771 2412
5860 3377 2796 6249 3729 2426
5799 3382 2796 6291 3715 2431
5827 3405 2824 6305 3757 2440
5795 3424 2801 6343 3705 2412
5860 3391 2829 6333 3710 2402
5809 3396 2786 6305 3752 2431
