6277 3813 2478 5799 3363 2852
6235 3808 2412 5766 3325 2866
6329 3794 2454 5720 3424 2857
6263 3752 2478 5771 3344 2871
6301 3794 2478 5724 3391 2866
6301 3780 2459 5729 3353 2847
6296 3832 2440 5795 3363 2852
6305 3780 2482 5832 3349 2880
6301 3845 2431 5799 3339 2890
6249 3766 2445 5757 3358 2871
6315 3813 2463 5780 3363 2847
6324 3710 2431 5780 3353 2885
6305 3794 2421 5748 3344 2885
6305 3799 2463 5743 3367 2894
6272 3822 2468 5715 3363 2885
6296 3743 2482 5757 3353 2862
6324 3738 2463 5766 3339 2862
6263 3785 2449 5752 3391 2871
6301 3832 2482 5748 3353 2927
6258 3752 2449 5724 3344 2880
6296 3804 2473 5729 3349 2876
6258 3761 2506 5748 3358 2885
6286 3822 2496 5701 3386 2862
6296 3724 2421 5724 3330 2871
6272 3776 2506 5752 3349 2852
6263 3780 2435 5766 3396 2885
6254 3794 2454 5762 3344 2871
6296 3804 2501 5785 3363 2918
6286 3804 2468 5790 3358 2899
6338 3804 2435 5762 3367 2904
6263 3752 2435 5780 3349 2866
6282 3794 2468 5776 3382 2885
6315 3841 2487 5743 3391 2880
6282 3790 2445 5748 3325 2894
6301 3729 2473 5757 3349 2871
6310 3794 2459 5795 3363 2899
6249 3761 2445 5785 3349 2894
6338 3804 2431 5762 3325 2894
6268 3808 2431 5743 3382 2885
6305 3757 2473 5818 3316 2876
6277 3766 2463 5780 3386 2899
6282 3771 2417 5701 3400 2894
6394 3808 2463 5771 3353 2894
6315 3738 2449 5771 3353 2908
6282 3790 2459 5762 3288 2880
6338 3776 2426 5696 3372 2880
6301 3822 2473 5823 3339 2894
6249 3846 2468 5724 3358 2866
6249 3790 2402 5738 3442 2871
6235 3752 2435 5776 3330 2866
