6020 3771 2548 6015 3316 2637
6015 3776 2524 5996 3335 2646
6024 3719 2520 5973 3405 2651
6029 3724 2548 5921 3367 2646
5973 3757 2524 5940 3400 2651
6001 3733 2548 5992 3400 2628
6038 3738 2524 5912 3358 2628
6071 3804 2524 5949 3377 2642
6029 3785 2553 6043 3353 2660
6076 3799 2585 5949 3335 2651
6057 3700 2567 5973 3335 2665
6029 3752 2553 5917 3363 2665
6071 3766 2553 6034 3377 2614
6006 3743 2543 6015 3358 2656
6053 3743 2538 6015 3358 2665
6034 3771 2562 6062 3344 2618
5987 3747 2543 5949 3358 2637
6038 3790 2553 5977 3363 2675
6062 3686 2529 5968 3377 2660
6024 3719 2581 5996 3410 2660
6038 3729 2557 6020 3335 2618
6010 3743 2534 6010 3353 2675
6062 3780 2524 5982 3367 2651
6071 3733 2562 6020 3391 2689
6015 3761 2534 5968 3363 2646
6048 3757 2553 5945 3349 2684
6024 3715 2557 5982 3372 2675
6010 3696 2538 6006 3400 2637
6076 3724 2529 5996 3372 2660
5973 3691 2529 6001 3321 2689
6034 3743 2567 5992 3330 2656
6034 3771 2534 5987 3382 2684
6010 3715 2562 5963 3321 2660
6038 3790 2553 5977 3321 2689
6020 3785 2524 6034 3335 2689
6006 3719 2510 6015 3349 2675
6010 3705 2567 5968 3330 2665
5973 3747 2515 6010 3367 2703
6015 3771 2534 6010 3339 2665
6015 3761 2543 5968 3321 2646
6001 3700 2548 5949 3344 2628
6062 3747 2506 5987 3367 2642
5996 3743 2520 5968 3382 2651
5996 3733 2506 5992 3335 2632
6001 3729 2534 5973 3316 2646
6015 3715 2534 5902 3363 2637
6006 3705 2553 5921 3344 2656
5982 3719 2548 6043 3349 2618
6062 3738 2454 5973 3358 2660
5992 3733 2520 5973 3302 2609
