5870 4164 2932 6282 4384 2735
5846 4127 2908 6310 4351 2721
5856 4113 2983 6352 4417 2735
5884 4192 2880 6291 4407 2721
5785 4117 2913 6296 4403 2712
5865 4141 2913 6263 4450 2698
5902 4122 2885 6305 4417 2721
5902 4117 2899 6324 4440 2670
5874 4122 2908 6282 4407 2684
5851 4056 2932 6268 4412 2721
5917 4089 2932 6282 4407 2721
5870 4103 2904 6333 4407 2707
5865 4122 2899 6315 4351 2712
5841 4131 2904 6305 4389 2684
5823 4136 2927 6380 4393 2698
5813 4113 2904 6286 4454 2721
5856 4099 2908 6347 4407 2698
5818 4122 2904 6371 4361 2665
5851 4141 2852 6343 4426 2693
5837 4145 2894 6305 4422 2721
5865 4178 2894 6315 4379 2693
5813 4117 2951 6296 4375 2684
5884 4117 2899 6282 4412 2707
5827 4113 2913 6296 4356 2731
5888 4164 2913 6338 4375 2693
5818 4122 2927 6296 4412 2712
5813 4094 2899 6343 4417 2717
5907 4131 2890 6286 4412 2675
5827 4164 2908 6254 4407 2740
5837 4108 2922 6324 4398 2684
5870 4150 2918 6338 4403 2712
5879 4117 2904 6286 4407 2698
5874 4122 2913 6282 4412 2717
5888 4117 2913 6357 4407 2717
5832 4108 2885 6352 4398 2712
5832 4122 2913 6315 4403 2717
5851 4122 2894 6296 4370 2703
5846 4164 2918 6301 4445 2693
5823 4141 2913 6230 4417 2679
5893 4099 2918 6347 4412 2703
5837 4141 2880 6268 4407 2707
5832 4117 2885 6333 4412 2656
5879 4136 2885 6324 4436 2698
5832 4108 2876 6282 4365 2693
5888 4150 2908 6310 4361 2670
5860 4117 2899 6310 4407 2740
5856 4127 2922 6291 4356 2684
5856 4159 2913 6301 4398 2689
5846 4122 2946 6333 4417 2744
5818 4094 2946 6305 4398 2703
