6136 4534 2782 5949 4145 2689
6113 4492 2731 6001 4141 2707
6071 4511 2693 6001 4131 2618
6089 4478 2698 6043 4136 2679
6080 4543 2740 5968 4127 2689
6118 4529 2717 5940 4131 2675
6104 4492 2684 5968 4136 2637
6127 4558 2698 6029 4131 2632
6118 4558 2782 5973 4122 2670
6127 4511 2698 6029 4164 2684
6127 4520 2740 5954 4150 2698
6094 4543 2740 6015 4141 2693
6067 4464 2717 5973 4103 2698
6122 4483 2670 5921 4122 2675
6164 4468 2703 5968 4145 2665
6085 4529 2698 5921 4122 2628
6118 4506 2717 5926 4089 2656
6136 4529 2735 5973 4131 2660
6118 4515 2689 5973 4127 2684
6099 4529 2768 5996 4127 2675
6132 4483 2675 6034 4127 2665
6071 4511 2679 6001 4155 2642
6118 4511 2726 6006 4141 2642
6132 4473 2735 5926 4099 2660
6113 4515 2670 6043 4155 2670
6141 4511 2712 5935 4150 2675
6122 4548 2768 5987 4145 2651
6094 4539 2707 5931 4108 2665
6132 4483 2707 5917 4150 2679
6104 4511 2684 6020 4094 2665
6113 4562 2731 5963 4127 2726
6169 4515 2731 5959 4150 2604
6122 4506 2740 6024 4117 2684
6136 4515 2698 5949 4136 2656
6113 4511 2772 5992 4127 2665
6071 4548 2791 6029 4141 2679
6099 4558 2786 6006 4131 2632
6146 4520 2763 6010 4150 2665
6122 4478 2698 6001 4150 2684
6089 4520 2786 5940 4155 2679
6094 4515 2740 5982 4117 2693
6085 4487 2782 5968 4113 2637
6099 4506 2763 5917 4141 2632
6141 4520 2675 6020 4122 2684
6113 4539 2740 5940 4155 2637
6104 4543 2717 5992 4169 2675
6080 4515 2684 6020 4122 2670
6127 4506 2740 6010 4145 2721
6113 4506 2675 6029 4131 2679
6071 4506 2721 5921 4113 2675
