5982 4052 2632 6080 4534 2763
6038 4014 2628 6075 4511 2707
6020 4099 2665 6071 4558 2717
6006 4094 2660 6089 4520 2665
5954 3991 2646 6080 4497 2684
5968 4047 2665 6062 4534 2689
5996 4070 2660 6104 4558 2707
5940 4061 2665 6122 4511 2735
6015 4080 2651 6136 4511 2735
6071 4103 2675 6179 4534 2707
6015 4070 2679 6127 4520 2731
6062 4047 2646 6071 4497 2731
6057 4089 2670 6118 4515 2707
5987 4000 2642 6062 4501 2698
6010 4009 2679 6118 4515 2703
5992 4066 2651 6122 4529 2642
5973 4019 2656 6132 4515 2637
5949 4061 2712 6076 4520 2749
5959 4122 2656 6075 4454 2791
5935 4005 2656 6113 4501 2749
5940 4052 2679 6029 4558 2712
6010 4042 2656 6141 4506 2670
6006 4019 2717 6122 4534 2731
5963 4033 2646 6127 4534 2754
6024 4052 2632 6085 4525 2763
6034 4042 2656 6094 4506 2665
6071 4131 2721 6150 4515 2768
5963 4061 2721 6089 4529 2670
5926 4056 2670 6108 4520 2712
5982 4061 2670 6089 4529 2665
6043 4033 2693 6089 4548 2684
5992 4070 2693 6071 4511 2740
5940 4019 2679 6071 4450 2717
6076 4033 2651 6108 4497 2703
5977 4052 2642 6127 4548 2707
6053 4061 2628 6108 4562 2744
6038 4000 2628 6038 4525 2740
5982 4019 2660 6150 4501 2758
6020 4023 2628 6104 4553 2758
6053 4033 2656 6132 4520 2721
6020 4028 2628 6113 4515 2670
5996 4070 2651 6155 4511 2707
5959 4061 2684 6075 4515 2684
6010 4023 2689 6132 4525 2660
6029 4014 2670 6057 4511 2712
6010 4061 2609 6099 4525 2703
6034 4075 2637 6071 4520 2656
5992 4056 2670 6053 4464 2660
5973 4080 2670 6099 4520 2660
6001 4070 2642 6136 4497 2665
