6301 4436 2590 5884 4084 2908
6347 4454 2590 5860 4103 2951
6277 4422 2595 5832 4150 2908
6347 4440 2628 5846 4127 2941
6361 4440 2604 5804 4122 2894
6357 4478 2590 5823 4094 2927
6333 4454 2585 5832 4155 2904
6329 4445 2543 5893 4099 2890
6371 4431 2604 5874 4136 2913
6324 4431 2576 5856 4145 2904
6329 4450 2623 5860 4155 2913
6310 4459 2581 5804 4155 2913
6310 4431 2576 5851 4136 2932
6286 4440 2614 5907 4145 2918
6357 4483 2581 5907 4103 2937
6329 4407 2595 5841 4145 2913
6324 4407 2581 5902 4094 2904
6352 4426 2609 5832 4108 2927
6352 4422 2618 5888 4103 2918
6315 4454 2595 5832 4131 2899
6282 4426 2595 5841 4113 2918
6338 4440 2571 5823 4108 2927
6343 4431 2609 5837 4127 2951
6315 4483 2595 5851 4103 2913
6282 4450 2609 5860 4108 2908
6366 4483 2599 5827 4117 2908
6315 4426 2590 5818 4066 2913
6324 4450 2632 5823 4084 2913
6371 4445 2576 5827 4131 2913
6301 4464 2604 5832 4122 2941
6338 4379 2604 5809 4113 2946
6319 4450 2618 5809 4113 2951
6305 4464 2595 5809 4103 2941
6305 4445 2599 5870 4131 2927
6324 4445 2628 5790 4131 2937
6329 4393 2585 5832 4070 2922
6347 4492 2604 5790 4136 2890
6296 4426 2590 5804 4122 2890
6296 4398 2576 5837 4122 2876
6333 4422 2595 5841 4141 2908
6319 4375 2585 5809 4136 2904
6333 4454 2609 5841 4117 2904
6272 4445 2599 5827 4113 2894
6291 4407 2571 5841 4141 2894
6366 4464 2581 5851 4113 2899
6361 4468 2609 5841 4122 2908
6315 4440 2585 5832 4178 2904
6376 4398 2599 5851 4113 2927
6338 4422 2585 5841 4108 2918
6310 4412 2585 5780 4094 2904
