6174 4211 2590 5912 4257 2847
6127 4253 2604 5926 4337 2876
6164 4271 2599 5949 4300 2880
6164 4281 2604 5907 4300 2862
6160 4309 2614 5912 4253 2852
6150 4290 2618 5940 4262 2829
6127 4276 2567 5959 4304 2857
6113 4295 2632 5968 4337 2862
6197 4267 2637 5940 4281 2833
6197 4271 2595 5921 4300 2932
6164 4271 2651 5940 4290 2876
6216 4286 2585 5945 4309 2880
6160 4290 2576 5935 4314 2833
6132 4234 2599 5893 4328 2880
6216 4248 2623 5940 4318 2885
6136 4262 2614 5935 4309 2890
6216 4276 2623 5982 4300 2885
6193 4281 2609 5935 4295 2862
6136 4267 2581 5926 4257 2843
6225 4281 2609 5945 4318 2866
6108 4253 2618 5931 4286 2876
6141 4342 2628 5940 4304 2824
6141 4243 2609 5907 4332 2847
6127 4216 2614 5926 4281 2838
6150 4262 2599 5954 4304 2880
6141 4281 2567 5898 4257 2922
6150 4262 2609 5959 4304 2885
6113 4262 2604 5912 4271 2885
6155 4229 2604 5935 4286 2871
6164 4253 2604 5959 4300 2852
6146 4253 2632 5907 4304 2843
6221 4281 2656 5898 4286 2862
6160 4253 2623 5912 4332 2871
6104 4295 2637 5898 4318 2833
6221 4267 2557 5992 4271 2852
6207 4234 2609 5949 4257 2829
6174 4295 2585 5959 4304 2810
6099 4286 2632 5898 4300 2862
6136 4271 2618 5921 4314 2833
6202 4239 2604 5992 4276 2866
6113 4229 2585 5926 4314 2866
6207 4257 2623 5926 4304 2876
6160 4220 2637 5917 4318 2824
6146 4271 2618 5902 4304 2843
6150 4271 2590 5907 4286 2862
6169 4271 2651 5935 4300 2871
6127 4262 2590 5949 4276 2871
6183 4276 2590 5912 4304 2885
6150 4295 2628 5912 4295 2847
6164 4253 2614 5931 4300 2824
