5954 4295 2899 6272 4262 2614
5996 4295 2880 6174 4262 2585
5977 4267 2899 6221 4295 2599
5926 4229 2922 6188 4276 2604
5977 4295 2885 6263 4253 2595
5954 4318 2885 6207 4234 2604
5977 4304 2913 6207 4239 2567
5949 4290 2885 6244 4267 2614
5917 4267 2899 6207 4267 2614
5931 4286 2913 6225 4229 2623
5940 4300 2894 6207 4253 2599
5954 4295 2927 6249 4262 2604
5963 4234 2885 6225 4267 2609
5963 4286 2894 6254 4248 2581
5949 4286 2899 6179 4276 2609
5921 4304 2880 6216 4257 2604
5963 4262 2922 6174 4253 2604
6001 4262 2904 6286 4257 2599
5912 4257 2899 6254 4257 2609
5963 4276 2899 6211 4215 2571
5940 4295 2866 6240 4225 2576
5935 4271 2913 6258 4253 2642
5982 4304 2927 6249 4248 2632
5973 4300 2894 6197 4225 2623
5959 4271 2904 6211 4257 2609
5926 4271 2932 6197 4262 2576
5954 4257 2932 6244 4215 2614
5949 4286 2899 6221 4253 2623
5917 4262 2908 6211 4271 2628
5940 4318 2866 6221 4220 2604
5959 4215 2913 6207 4257 2642
5959 4267 2885 6263 4257 2614
5926 4300 2885 6211 4257 2604
5940 4276 2913 6169 4234 2585
5917 4253 2904 6160 4253 2628
5949 4332 2885 6179 4234 2642
5931 4295 2894 6272 4243 2590
5992 4267 2852 6254 4234 2651
5977 4271 2899 6225 4243 2609
5977 4318 2922 6211 4262 2623
5935 4271 2908 6216 4248 2642
5968 4267 2866 6202 4257 2609
5898 4300 2894 6221 4248 2604
5977 4323 2904 6258 4225 2614
5940 4276 2885 6244 4243 2595
5945 4281 2899 6197 4243 2581
5898 4257 2899 6230 4248 2599
5949 4253 2899 6188 4239 2571
5931 4323 2899 6211 4262 2637
5898 4281 2899 6258 4276 2585
