6221 4558 2595 5902 4061 2805
6240 4558 2632 5931 4023 2815
6235 4525 2660 5917 4061 2772
6240 4567 2599 5865 4089 2801
6254 4553 2609 5860 4005 2815
6263 4553 2618 5926 4028 2815
6263 4562 2632 5917 4061 2782
6301 4543 2614 5935 4052 2801
6197 4572 2609 5865 4042 2824
6249 4562 2646 5907 4047 2801
6272 4534 2689 5907 4052 2824
6221 4543 2675 5907 4033 2852
6207 4576 2642 5921 3995 2819
6249 4539 2604 5893 4047 2810
6263 4539 2656 5902 4047 2838
6197 4520 2646 5907 4033 2805
6263 4558 2614 5856 4014 2824
6211 4576 2656 5870 3991 2810
6272 4525 2684 5860 4028 2838
6258 4558 2670 5888 4009 2838
6225 4553 2656 5912 4052 2819
6221 4539 2665 5860 4056 2815
6216 4520 2656 5907 4066 2810
6221 4483 2632 5874 4038 2815
6235 4520 2637 5935 4042 2810
6225 4525 2656 5870 4033 2805
6230 4534 2623 5856 4023 2805
6244 4515 2609 5917 4023 2805
6216 4548 2651 5865 4038 2791
6207 4534 2642 5907 4042 2810
6211 4548 2656 5926 4042 2819
6240 4543 2599 5902 4038 2810
6202 4501 2689 5940 4042 2758
6268 4539 2585 5879 4033 2810
6254 4515 2604 5874 4061 2810
6230 4529 2618 5902 4047 2819
6216 4548 2604 5902 4042 2815
6240 4501 2632 5846 4052 2819
6207 4529 2670 5874 4061 2815
6240 4520 2651 5912 4023 2801
6225 4534 2637 5860 4047 2791
6216 4548 2614 5884 4061 2801
6225 4497 2656 5926 4052 2801
6258 4548 2656 5879 4047 2782
6207 4558 2642 5860 4047 2801
6169 4511 2637 5921 4042 2815
6310 4534 2623 5921 4009 2819
6230 4501 2642 5874 4080 2810
6216 4525 2665 5912 4028 2829
6211 4525 2670 5884 4052 2833
