5921 4023 2838 6188 4492 2679
5832 4005 2786 6221 4529 2670
5940 4084 2801 6254 4464 2707
5945 4070 2791 6244 4483 2689
5870 3995 2796 6216 4525 2703
5823 4061 2819 6240 4506 2689
5851 4042 2777 6235 4525 2665
5851 4038 2810 6230 4520 2665
5851 4056 2763 6249 4539 2684
5865 4052 2758 6272 4511 2698
5851 4042 2782 6240 4548 2689
5884 4023 2824 6272 4506 2693
5884 4075 2796 6230 4497 2665
5851 4075 2768 6235 4492 2670
5860 4061 2763 6263 4478 2689
5860 4061 2801 6221 4487 2675
5832 4014 2796 6240 4497 2679
5898 4061 2801 6282 4492 2689
5870 4014 2805 6230 4520 2679
5823 4042 2791 6282 4468 2665
5851 4084 2786 6277 4520 2675
5917 4099 2777 6240 4492 2735
5851 4038 2810 6291 4520 2698
5888 4075 2791 6272 4529 2712
5860 4089 2772 6249 4506 2651
5921 4033 2796 6240 4492 2670
5884 4047 2786 6272 4492 2689
5841 4038 2801 6272 4492 2675
5893 4089 2796 6240 4520 2646
5841 4094 2763 6225 4501 2693
5832 4061 2819 6254 4511 2665
5870 4080 2796 6235 4506 2703
5888 4108 2782 6272 4487 2693
5856 4023 2833 6249 4525 2712
5860 4038 2805 6254 4473 2703
5870 4080 2801 6249 4539 2660
5921 4028 2847 6230 4529 2665
5856 4099 2801 6249 4525 2646
5917 4023 2801 6282 4534 2670
5963 4066 2838 6282 4539 2684
5898 4023 2772 6235 4529 2656
5851 4061 2786 6216 4506 2693
5917 4075 2819 6197 4511 2675
5827 4094 2824 6338 4520 2670
5879 4089 2801 6216 4520 2670
5926 4019 2801 6221 4511 2693
5874 4061 2796 6216 4506 2646
5879 4042 2754 6235 4487 2675
5931 4009 2810 6258 4511 2684
5888 4099 2772 6268 4525 2684
