6647 3644 3771 6862 4858 4248
6652 3654 3813 6806 2599 4243
6642 3686 3766 6708 6315 4262
6694 3677 3776 6806 6947 4290
6764 3635 3818 6741 6357 4248
6595 3635 3790 6802 6956 4253
6647 3654 3794 6825 4174 4286
6647 3691 3804 6811 6970 4262
6722 3677 3822 6815 4816 4225
6661 3719 3808 6727 6965 4267
6614 3700 3804 6820 2642 4262
6619 3654 3813 6806 6984 4262
6619 3663 3813 6806 4825 4267
6661 3733 370 6825 6230 4248
6572 3658 3804 6774 4099 4295
6703 3668 3752 6806 7668 4290
6699 3672 3841 6811 7664 4257
6652 3715 3822 6792 7687 4229
6666 3691 3832 6722 7701 4257
6619 3635 3785 6811 6956 4295
6741 3691 3808 6731 6947 4309
6684 3654 3790 6820 7710 4243
6703 3691 3790 6802 4820 4229
6689 3668 3836 6825 4783 4262
6652 3663 3822 6811 4127 4271
6619 3729 3790 6815 4197 4248
6647 3682 3841 6783 4830 4267
6670 3649 3808 6760 6366 4271
6764 3682 3776 6774 8404 4215
6694 3724 3822 6802 7654 4197
6628 3691 3804 6857 4787 4290
6713 3654 3799 6825 7369 4215
6647 3682 3799 6806 7659 4271
6675 3715 3808 6764 7692 4295
6652 3649 3818 6829 7701 4220
6666 3696 3841 6867 4703 4248
6675 3668 3799 6806 6399 4304
6684 3696 3794 6820 6970 4300
6661 3663 3766 6857 6956 4243
6755 3649 3836 6792 6385 4248
6609 3668 3766 6788 7710 4262
6764 3710 3790 6760 6385 4295
6661 3635 3804 6788 7621 4229
6624 3644 3757 6764 4750 4215
6652 3677 3841 6876 6333 4346
6647 3672 3836 6764 4750 4234
6647 3639 3799 6806 7682 4281
6595 3649 3785 6778 6347 4314
6661 3677 3808 6839 7687 4220
6666 3616 3832 6778 8343 4281
