6577 2524 3967 6857 2866 4127
6548 2937 3962 6942 2810 4136
6539 2548 3934 7059 2791 4099
6633 2496 3967 6932 2801 4089
6577 2501 3977 6961 2819 4089
6619 2412 3995 6923 2740 4122
6530 2478 4023 7050 2801 4131
6624 2553 3972 6871 2768 4127
6563 2510 3981 6998 2815 4122
6567 2510 4028 6923 2768 4136
6642 2538 3995 6979 2894 4089
6647 2520 4023 6951 2768 4094
6619 2468 4009 6961 2763 4108
6619 2562 3953 6951 2819 4127
6605 2449 3939 6848 2824 4122
6628 2562 3967 6951 2791 4122
6661 2459 3981 6890 2763 4122
6670 2445 4009 6956 2768 4099
6563 2478 4005 6951 2777 4103
6652 2496 3948 6979 2815 4075
6628 2543 3972 6932 2805 4103
6567 2487 3972 6900 2819 4084
6595 2463 3962 6947 2805 4108
6605 2478 4000 6923 2833 4089
6600 2473 4000 7031 2810 4164
6656 2496 4028 6914 2819 4108
6624 2496 4019 7040 2777 4089
6600 2482 3977 7054 2786 4080
6647 2571 3986 7026 2833 4099
6581 2548 3920 7040 2833 4084
6609 2398 4023 6932 2772 4127
6544 2506 4014 6890 2782 4122
6544 2562 3991 6886 2782 4150
6605 2468 3930 6975 2833 4122
6624 2478 4014 6904 2740 4122
6675 2520 3972 6998 2782 4099
6633 2515 3977 6871 2801 4127
6525 2384 3972 6989 2838 4117
6563 2440 3991 7040 2772 4145
6642 2538 3958 7022 2763 4122
6577 2510 4014 6886 2852 4113
6563 2496 3986 6914 2786 4103
6581 2585 3962 6979 2786 4103
6614 2562 3981 6970 2815 4108
6586 2417 3981 7012 2801 4150
6670 2468 4000 6970 2843 4099
6605 2538 3972 6886 2768 4122
6539 2576 4005 6918 2833 4103
6572 2524 3977 6951 2838 4099
6591 2501 3991 7012 2815 4066
