6900 5602 4262 6680 7574 3855
6881 8128 4300 6736 5106 3845
6843 7303 4300 6680 5153 3855
6895 7115 4281 6727 5134 3859
6881 5640 4300 6713 7289 3883
6881 5734 4281 6703 5068 3832
6895 6736 4300 6788 5129 3846
6825 5176 4286 6619 7598 3822
6862 8156 4323 6684 5092 3813
6843 5654 4304 6717 5120 3851
6881 5504 4286 6717 5092 3845
6881 8161 4286 6722 5171 3845
6928 5682 4192 6713 7237 3841
6834 5738 4253 6675 7280 3813
6857 7621 4239 6670 7607 3878
6834 8072 4234 6727 4731 3851
6792 8076 4281 6703 7312 3851
6904 5237 4215 6736 5031 3883
6890 8119 4234 6666 7275 3873
6909 5565 4234 6760 2623 3827
6825 8170 4262 6741 7256 3851
6839 8151 4229 6680 7626 3846
6881 8512 4286 6764 2642 3841
6867 7659 4197 6703 5073 3851
6876 8803 4215 6731 7635 3851
6871 5251 4234 6670 7640 3887
6857 5635 4253 6694 7584 3836
6843 8789 4248 6722 7635 3845
6886 8531 4216 6703 7654 3846
6867 4393 4248 6684 5120 3845
6886 8151 4276 6717 7612 3841
6834 8568 4257 6717 7603 3873
6867 6788 4267 6689 5162 3892
6834 5776 4281 6755 5021 3869
6900 8034 4253 6703 5167 3808
6834 5265 4267 6731 5110 3911
6876 8554 4257 6680 7574 3878
6923 7228 4281 6680 7219 3813
6857 8545 4257 6703 2529 3869
6900 5644 4239 6713 7294 3813
6867 5668 4225 6680 7298 3892
6857 8474 4290 6774 7588 3859
6909 8081 4229 6642 5078 3827
6871 5649 4253 6689 5153 3808
6862 6745 4267 6745 5092 3873
6848 5579 4309 6722 2642 3851
6876 5555 4295 6699 5092 3841
6871 8517 4271 6666 5092 3873
6900 2791 4239 6717 5035 3818
6848 8587 4262 6680 7012 3855
