6965 8395 3934 6652 2332 4066
6984 8427 3883 6633 2421 4122
7003 8395 3869 6605 2356 4155
7040 6029 3934 6633 2365 4117
7078 8442 3855 6638 2351 4103
6993 6038 3892 6652 2309 4117
6989 8413 3911 6670 2337 4099
7012 6020 3873 6642 2313 4099
7017 8437 3934 6586 2332 4141
7026 7668 3873 6666 2346 4084
7003 8423 3939 6624 2388 4061
6993 8413 3930 6605 2370 4117
6998 8381 3846 6628 2351 4084
6998 8413 3911 6577 2417 4047
7022 7762 3920 6539 2327 4070
7022 8381 3902 6595 2379 4145
6979 8352 3934 6567 2337 4103
7017 8446 3883 6741 2313 4141
7040 7664 3920 6647 2379 4117
6993 5987 3939 6614 2290 4113
7031 6923 3878 6656 2351 4122
6998 6034 3906 6605 2360 4131
7017 8399 3906 6614 2445 4099
7031 8460 3897 6591 2332 4103
6984 8366 3892 6614 2313 4108
7008 8451 3939 6661 2370 4066
6989 8413 3906 6628 2360 4075
6970 8409 3845 6633 2346 4113
7036 8413 3930 6652 2374 4084
6961 8442 3850 6563 2379 4136
6993 8404 3934 6581 2323 4127
7031 8357 3911 6567 2337 4113
7012 6075 3906 6605 2431 4103
6932 8362 3934 6684 2374 4108
7012 7753 3930 6633 2318 4080
6965 8493 3930 6638 2318 4099
6975 8451 3859 6633 2374 4108
6989 6071 3808 6619 2402 4122
6965 7706 3930 6614 2356 4117
6970 8446 3930 6605 2337 4131
7012 8413 3845 6591 2398 4113
6984 6029 3850 6619 2365 4117
6951 6043 3920 6638 2388 4094
6970 7678 3939 6717 2370 4070
6979 8446 3920 6652 2398 4117
6984 8399 3859 6572 2304 4145
6984 8381 3864 6614 2365 4084
6979 8399 3873 6595 2440 4122
7008 7603 3850 6666 2332 4108
6947 8418 3911 6628 2318 4127
