6797 7500 4403 6895 2744 3906
6731 7533 4370 6886 2703 3859
6722 5026 4323 6834 2758 3845
6760 5040 4351 6848 2749 3887
6708 5059 4323 6853 2684 3873
6792 7528 4365 6918 2782 3906
6722 7439 4337 6867 2717 3887
6680 4970 4328 6932 2735 3906
6760 5157 4389 6806 2703 3920
6713 4952 4412 6853 2726 3925
6722 7472 4365 6820 2703 3911
6736 7467 4332 6862 2712 3920
6806 5017 4351 6886 2763 3925
6713 8362 4379 6871 2829 3906
6736 4947 4323 6895 2712 3953
6689 4979 4393 6806 2805 3887
6755 9290 4332 6848 2689 3883
6727 8413 4328 6853 2763 3878
6764 5017 4276 6937 2744 3902
6722 4993 4384 6843 2726 3873
6722 7430 4318 6848 2712 3902
6722 7477 4318 6862 2749 3930
6741 7491 4328 6895 2740 3873
6689 7430 4318 6829 2772 3869
6727 7472 4314 6886 2735 3911
6788 7416 4342 6914 2740 3892
6722 4886 4379 6839 2754 3925
6769 7416 4384 6886 2772 3897
6774 7317 4346 6871 2786 3892
6708 4952 4337 6886 2707 3930
6722 7406 4365 6848 2740 3883
6670 7458 4351 6848 2754 3906
6760 7420 4370 6900 2740 3902
6797 8521 4328 6848 2749 3902
6736 5035 4361 6862 2740 3902
6722 7420 4314 6914 2754 3864
6778 4965 4342 6857 2744 3916
6689 5874 4332 6876 2731 3916
6745 5026 4384 6853 2726 3883
6764 4919 4346 6909 2735 3930
6755 7556 4351 6871 2740 3916
6760 4961 4356 6825 2731 3911
6778 4909 4342 6867 2731 3887
6731 4974 4342 6839 2744 3930
6792 4970 4361 6843 2689 3897
6731 7486 4300 6862 2740 3906
6722 7588 4346 6839 2782 3916
6713 5007 4337 6923 2749 3878
6736 7523 4384 6918 2731 3873
6647 7486 4370 6811 2740 3911
