6843 2717 3911 6722 2445 4398
6806 2857 3930 6713 4937 4403
6871 2749 3934 6670 4905 4398
6857 2857 3962 6614 2520 4398
6876 2731 3934 6708 2459 4365
6848 2749 3916 6638 4881 4398
6871 2754 3925 6722 2463 4379
6843 2796 3925 6760 4886 4422
6848 2772 3920 6661 2435 4379
6815 2735 3916 6624 2487 4379
6811 2810 3916 6689 2454 4426
6829 2726 3892 6703 4867 4393
6806 2749 3892 6731 2487 4412
6825 2731 3934 6661 2454 4431
6862 2656 3911 6647 4961 4393
6867 2740 3925 6600 4900 4426
6881 2744 3916 6680 2473 4422
6829 2791 3920 6731 4830 4384
6853 2796 3934 6760 4886 4389
6876 2717 3887 6760 4839 4422
6825 2693 3902 6774 2478 4384
6857 2744 3902 6642 2459 4379
6760 2735 3906 6741 2473 4426
6881 2852 3944 6708 2449 4389
6853 2819 3962 6624 2431 4412
6900 2707 3925 6736 2398 4407
6769 2772 3920 6675 7284 4393
6843 2758 3944 6727 2356 4398
6848 2786 3939 6703 2445 4417
6774 2740 3934 6774 4905 4403
6871 2772 3920 6699 4909 4436
6857 2703 3967 6708 4905 4375
6848 2782 3934 6689 4830 4398
6871 2786 3944 6741 4891 4379
6834 2758 3939 6736 2496 4389
6825 2772 3911 6666 2510 4375
6829 2758 3897 6684 2487 4407
6839 2758 3916 6670 2407 4417
6876 2735 3902 6731 7317 4407
6811 2731 3934 6708 4797 4389
6932 2758 3944 6628 2496 4422
6806 2740 3934 6666 4858 4398
6867 2744 3953 6652 2426 4417
6820 2871 3920 6750 2496 4436
6811 2731 3911 6675 7223 4389
6806 2744 3967 6680 2459 4365
6834 2740 3902 6652 2463 4403
6895 2754 3948 6717 4928 4370
6881 2744 3925 6638 4947 4445
6829 2843 3934 6647 4839 4356
