6727 2304 4113 6806 4675 3962
6699 2337 4169 6918 4712 3962
6642 2370 4164 6820 4750 3977
6647 2721 4192 6797 4703 3962
6633 2618 4169 6853 2876 3911
6684 2257 4183 6722 4694 3991
6670 4801 4164 6764 4604 3958
6614 2281 4183 6820 6577 3991
6633 4440 4174 6815 4717 3953
6675 2703 4206 6778 4684 4000
6656 4459 4169 6699 6591 3967
6647 4440 4159 6788 4689 3995
6703 2679 4202 6774 6619 3948
6684 2374 4131 6853 6605 3944
6670 4389 4174 6825 2852 3967
6633 4881 4159 6811 4694 3986
6661 2299 4141 6797 4750 3953
6624 2407 4192 6792 4665 4009
6642 4454 4202 6825 4684 3962
6675 2731 4159 6797 2744 3986
6619 4365 4183 6834 4773 3972
6609 2318 4206 6839 2876 3944
6675 2351 4206 6769 4698 3948
6609 2271 4188 6834 6534 3962
6666 2356 4183 6811 2838 3953
6694 4473 4192 6783 4647 4023
6642 2276 4183 6774 4680 3981
6614 2323 4211 6820 4675 3995
6670 2628 4136 6792 2815 3962
6656 2356 4197 6764 4708 3967
6642 2323 4159 6797 2740 3930
6689 4445 4169 6871 4745 3977
6694 2351 4159 6825 6595 3991
6731 6520 4164 6857 2847 3991
6713 4407 4164 6806 4717 3934
6703 2379 4164 6825 2824 3972
6666 4792 4131 6937 4731 3977
6699 2318 4159 6853 4764 4000
6628 4440 4220 6774 4722 3948
6642 4468 4127 6731 4769 3958
6713 2693 4202 6792 4717 3953
6684 2402 4206 6778 2749 3958
6619 4487 4164 6797 2772 3991
6699 2341 4159 6811 4740 3986
6760 2356 4145 6820 2763 3977
6745 4398 4183 6829 2810 3944
6656 4520 4174 6825 2838 3953
6680 2262 4188 6876 2819 3962
6642 2421 4202 6806 2810 3991
6656 4398 4188 6815 2815 4005
