7017 2833 4103 6656 3325 3953
7078 2805 4127 6661 3353 3920
7031 2772 4089 6516 3382 3977
6979 5246 4127 6628 3335 3939
7092 5354 4103 6539 3344 3934
7026 5372 4113 6605 2951 3977
7050 2965 4080 6619 3367 3981
7040 2786 4108 6563 3424 4028
7054 7931 4150 6652 3396 3934
7040 5518 4075 6614 3339 3953
6984 5368 4080 6516 3405 3953
7036 2880 4117 6619 3396 3948
7045 2857 4061 6577 2974 3967
7059 5200 4070 6577 2908 3939
6993 2777 4174 6572 3372 3939
6984 2796 4066 6633 3382 4000
6984 2815 4122 6624 3372 3939
7012 2801 4145 6563 3367 3972
7045 2833 4127 6567 3419 3953
7036 2871 4113 6553 3367 3948
7022 2880 4113 6502 3400 3953
7097 2786 4150 6511 3325 3953
7059 2829 4113 6506 3377 3972
7012 5462 4150 6530 3382 3986
7036 2862 4084 6614 3358 3948
6956 2819 4136 6572 3386 3948
7008 3995 4113 6497 3325 3925
7008 2815 4131 6534 3391 3939
6998 5303 4150 6647 3424 3981
7097 2815 4113 6609 3367 3944
6979 2791 4141 6544 3363 3962
7078 2791 4127 6511 3358 3981
7026 2890 4127 6595 3358 3953
6984 2819 4127 6628 3386 3986
6956 5462 4145 6609 3400 3944
7068 2838 4113 6633 3410 3981
6970 2763 4136 6530 3353 3991
7064 2857 4103 6581 3391 3930
6993 2885 4155 6497 3396 3953
7101 2862 4159 6534 3339 3948
7031 2876 4117 6600 3358 3953
7064 2829 4155 6600 3358 3939
7012 2819 4099 6572 3447 3958
6998 2871 4108 6591 2988 3916
6989 2829 4103 6595 3367 3953
7064 2786 4108 6558 3367 3967
7087 3967 4122 6642 2960 3939
7045 2833 4113 6595 3386 3939
7059 2890 4099 6492 3405 3962
6989 5185 4127 6516 3372 3953
