7129 3222 2740 7430 3644 2993
7120 3231 2735 7430 3579 3030
7214 3241 2735 7467 3597 3012
7031 3203 2740 7444 3588 3002
7139 3222 2763 7477 3649 3026
7125 3199 2726 7495 3654 3026
7139 3189 2735 7481 3649 2993
7134 3227 2740 7425 3635 3030
7129 3217 2782 7458 3616 3030
7111 3236 2754 7425 3611 3030
7134 3180 2754 7514 3658 2998
7129 3194 2758 7519 3644 3040
7134 3194 2777 7477 3625 3002
7106 3227 2754 7486 3644 3049
7129 3175 2749 7523 3644 3021
7120 3194 2777 7500 3644 3016
7209 3208 2731 7462 3611 2998
7073 3213 2768 7430 3682 3026
7134 3203 2749 7481 3639 3026
7106 3213 2740 7477 3649 2998
7219 3217 2740 7444 3663 3012
7158 3241 2754 7458 3649 3007
7129 3222 2731 7523 3588 3030
7153 3199 2768 7462 3616 3035
7097 3180 2740 7481 3663 3016
7115 3208 2768 7519 3630 2988
7106 3213 2754 7500 3611 3002
7139 3203 2749 7448 3630 3026
7172 3213 2754 7533 3635 3012
7078 3166 2749 7467 3644 3040
7125 3260 2786 7444 3635 3002
7101 3203 2735 7528 3663 3016
7101 3255 2740 7402 3639 3007
7125 3185 2754 7397 3644 3021
7073 3199 2763 7538 3672 3021
7078 3245 2768 7495 3579 3058
7111 3199 2744 7538 3700 3030
7097 3199 2777 7486 3644 3026
7092 3213 2744 7444 3663 3035
7158 3166 2735 7495 3635 3040
7111 3194 2740 7462 3649 2988
7139 3208 2754 7439 3663 3040
7125 3199 2726 7420 3607 2988
7172 3260 2731 7495 3597 3016
7134 3203 2740 7472 3649 3044
7195 3227 2749 7528 3658 3030
7125 3217 2754 7495 3654 3040
7176 3231 2735 7444 3682 2993
7106 3194 2749 7500 3621 3007
7125 3189 2782 7505 3677 3026
