7265 3288 3213 7509 3682 2815
7284 3250 3208 7420 3625 2801
7308 3297 3203 7430 3639 2805
7284 3264 3208 7491 3658 2768
7228 3255 3208 7434 3625 2815
7233 3250 3213 7514 3635 2805
7303 3264 3203 7467 3705 2768
7294 3264 3222 7420 3654 2777
7275 3264 3213 7402 3686 2786
7242 3255 3269 7509 3672 2772
7265 3278 3231 7434 3682 2772
7200 3274 3260 7448 3630 2796
7270 3231 3208 7444 3682 2782
7261 3278 3189 7416 3700 2810
7242 3250 3208 7481 3616 2763
7270 3269 3241 7373 3649 2810
7294 3264 3227 7411 3635 2801
7294 3274 3231 7373 3696 2801
7275 3283 3241 7411 3639 2786
7289 3245 3231 7500 3635 2805
7247 3255 3213 7430 3710 2791
7223 3274 3203 7406 3668 2833
7270 3283 3227 7383 3691 2786
7261 3227 3203 7430 3677 2791
7237 3250 3250 7458 3658 2772
7261 3236 3236 7481 3672 2801
7280 3278 3241 7430 3705 2819
7251 3278 3241 7453 3705 2810
7242 3274 3194 7425 3677 2810
7237 3278 3260 7430 3654 2819
7265 3278 3250 7420 3663 2838
7261 3288 3213 7425 3691 2786
7261 3274 3199 7505 3691 2801
7261 3283 3189 7448 3700 2796
7261 3269 3203 7430 3672 2768
7284 3269 3213 7425 3677 2786
7237 3274 3231 7486 3682 2796
7265 3278 3227 7411 3700 2768
7284 3241 3189 7439 3644 2791
7294 3283 3245 7430 3658 2786
7275 3269 3222 7369 3677 2819
7322 3292 3189 7383 3635 2805
7270 3255 3175 7397 3654 2805
7214 3241 3213 7355 3668 2805
7233 3255 3194 7477 3719 2791
7247 3283 3236 7397 3682 2786
7284 3274 3203 7458 3644 2782
7312 3264 3213 7402 3682 2791
7294 3269 3241 7472 3686 2782
7247 3302 3222 7439 3700 2815
