7603 3724 2937 7115 3213 2946
7565 3752 2937 7092 3194 2960
7631 3724 2918 7087 3180 2969
7570 3649 2937 7148 3189 2974
7560 3733 2965 7120 3156 2969
7570 3715 2951 7097 3194 2988
7574 3724 2955 7125 3185 2979
7528 3757 2918 7083 3161 2974
7621 3729 2937 7162 3222 2969
7603 3747 2913 7097 3199 2993
7570 3686 2955 7050 3213 3002
7584 3733 2969 7125 3189 2983
7607 3705 2908 7120 3152 2974
7607 3719 2927 7181 3147 2946
7552 3663 2946 7092 3194 2969
7607 3719 2979 7097 3180 2974
7631 3710 2941 7134 3170 2951
7612 3776 2932 7078 3189 2988
7570 3715 2941 7111 3222 3016
7598 3691 2932 7153 3227 2993
7621 3705 3030 7205 3217 2951
7565 3752 2974 7125 3255 2988
7588 3776 2946 7162 3199 2979
7593 3682 2960 7092 3213 2969
7593 3733 2955 7125 3180 2974
7552 3668 2927 7101 3185 2969
7607 3668 2965 7148 3250 2969
7579 3724 2932 7073 3231 2969
7603 3785 2904 7059 3170 2983
7621 3705 2965 7115 3142 2988
7560 3719 2974 7139 3213 2983
7574 3710 2965 7097 3194 2979
7556 3682 2974 7181 3175 2988
7538 3729 2960 7134 3203 2988
7565 3705 2904 7087 3161 3012
7584 3747 2969 7101 3180 2993
7533 3729 2937 7120 3213 2965
7607 3705 2979 7083 3175 2983
7621 3696 2937 7209 3213 2993
7579 3738 2937 7087 3227 2960
7603 3738 2932 7111 3189 2937
7621 3743 2899 7078 3189 2983
7593 3724 2922 7162 3208 2969
7603 3743 2913 7101 3199 2974
7579 3715 2904 7068 3203 2983
7570 3719 2955 7129 3180 3007
7593 3743 2955 7125 3241 2993
7645 3649 2969 7120 3208 2979
7617 3752 2974 7078 3250 2979
7560 3715 3012 7148 3203 2993
