7369 3738 2815 7228 3260 3128
7425 3715 2833 7223 3241 3124
7355 3733 2871 7190 3283 3133
7402 3766 2880 7219 3306 3100
7406 3738 2838 7205 3278 3114
7416 3700 2833 7195 3231 3114
7373 3743 2894 7205 3321 3161
7411 3738 2862 7247 3274 3166
7350 3743 2833 7195 3269 3166
7373 3696 2885 7167 3292 3096
7402 3724 2862 7223 3292 3109
7378 3733 2862 7219 3292 3147
7322 3700 2866 7186 3260 3142
7355 3682 2801 7186 3283 3152
7373 3691 2829 7214 3311 3119
7387 3700 2847 7223 3269 3133
7331 3752 2777 7176 3255 3152
7387 3696 2796 7242 3283 3100
7359 3747 2857 7261 3269 3133
7420 3691 2862 7195 3297 3152
7416 3729 2796 7209 3321 3142
7378 3743 2815 7223 3269 3119
7341 3691 2791 7205 3269 3152
7355 3724 2899 7176 3278 3142
7373 3677 2810 7209 3278 3096
7397 3710 2768 7223 3250 3100
7416 3724 2801 7214 3269 3124
7383 3724 2833 7237 3302 3147
7355 3668 2852 7181 3306 3124
7345 3700 2824 7214 3260 3152
7397 3752 2829 7256 3278 3124
7336 3724 2862 7209 3269 3128
7378 3691 2833 7237 3292 3101
7397 3747 2815 7186 3278 3170
7373 3733 2843 7214 3288 3109
7378 3700 2838 7219 3260 3128
7383 3743 2857 7242 3302 3166
7387 3729 2819 7176 3302 3109
7434 3724 2815 7223 3245 3147
7350 3729 2833 7172 3292 3161
7397 3729 2801 7209 3297 3138
7364 3700 2819 7214 3278 3119
7453 3724 2857 7190 3250 3147
7406 3691 2810 7200 3245 3175
7369 3747 2862 7228 3306 3114
7392 3752 2824 7214 3274 3119
7378 3747 2876 7233 3236 3152
7364 3729 2885 7190 3292 3101
7373 3738 2786 7190 3227 3128
7402 3757 2862 7186 3269 3142
