7162 3503 2679 7336 3489 3087
7233 3503 2675 7294 3447 3091
7242 3475 2660 7326 3405 3096
7158 3527 2651 7298 3457 3082
7190 3532 2698 7298 3475 3063
7186 3532 2656 7303 3466 3096
7219 3489 2684 7289 3447 3044
7214 3541 2670 7331 3457 3082
7200 3466 2684 7308 3447 3105
7228 3518 2656 7336 3419 3100
7190 3550 2698 7294 3410 3105
7237 3513 2679 7345 3410 3101
7223 3550 2660 7280 3410 3101
7228 3513 2707 7387 3442 3082
7200 3522 2679 7350 3428 3101
7214 3513 2684 7289 3480 3082
7214 3494 2703 7308 3485 3058
7219 3499 2693 7392 3438 3100
7242 3503 2646 7289 3428 3109
7209 3522 2660 7326 3386 3114
7237 3550 2660 7373 3433 3101
7247 3560 2646 7265 3382 3087
7200 3518 2637 7369 3386 3091
7219 3503 2665 7284 3433 3087
7233 3522 2670 7317 3447 3082
7190 3541 2637 7303 3452 3128
7219 3579 2651 7326 3447 3091
7247 3518 2675 7289 3471 3091
7209 3480 2684 7331 3410 3068
7242 3518 2665 7359 3428 3087
7219 3536 2651 7345 3452 3077
7172 3532 2684 7294 3428 3100
7242 3560 2642 7308 3433 3087
7219 3564 2670 7298 3461 3096
7223 3564 2679 7331 3391 3091
7205 3527 2679 7317 3419 3105
7181 3527 2703 7350 3391 3101
7144 3560 2670 7322 3475 3091
7214 3480 2693 7284 3447 3077
7219 3532 2660 7364 3433 3087
7219 3555 2670 7275 3466 3105
7214 3560 2642 7387 3461 3087
7176 3518 2675 7326 3471 3096
7275 3550 2660 7322 3499 3109
7214 3555 2665 7322 3475 3077
7209 3536 2670 7247 3405 3087
7186 3499 2660 7350 3513 3100
7181 3480 2660 7350 3400 3101
7181 3522 2712 7298 3400 3087
7167 3555 2689 7298 3442 3105
