7556 3668 3021 7129 3170 2763
7495 3625 3035 7125 3208 2721
7472 3635 3044 7120 3217 2717
7509 3607 3040 7087 3227 2735
7481 3639 3030 7106 3156 2731
7523 3583 3063 7092 3264 2772
7523 3658 3054 7129 3208 2726
7477 3644 3035 7134 3241 2731
7519 3663 3063 7115 3288 2703
7500 3672 2988 7083 3170 2726
7519 3593 3021 7144 3175 2763
7519 3625 3049 7115 3185 2782
7533 3593 3063 7139 3241 2758
7477 3611 3021 7097 3245 2731
7505 3658 3021 7106 3236 2717
7533 3644 2988 7125 3199 2758
7542 3663 3040 7101 3199 2740
7509 3625 3040 7087 3255 2740
7519 3630 3035 7111 3231 2740
7486 3635 3035 7115 3222 2768
7472 3569 3049 7097 3250 2772
7467 3635 3040 7129 3199 2758
7533 3649 3026 7139 3227 2735
7500 3625 3026 7068 3255 2758
7528 3668 3021 7134 3222 2731
7491 3677 3021 7129 3260 2749
7439 3564 3054 7097 3241 2726
7509 3663 3073 7106 3217 2721
7514 3635 3049 7125 3208 2735
7514 3597 3040 7068 3213 2740
7453 3649 3058 7144 3166 2740
7547 3639 3035 7106 3203 2754
7547 3630 3026 7120 3231 2735
7486 3616 3016 7181 3236 2740
7458 3597 3054 7125 3231 2744
7491 3672 3030 7115 3231 2763
7467 3677 3054 7083 3250 2744
7505 3593 3035 7050 3189 2782
7467 3682 3058 7129 3222 2758
7477 3630 3044 7129 3161 2726
7523 3602 3068 7101 3208 2731
7519 3663 3101 7092 3231 2744
7467 3607 3026 7050 3185 2731
7538 3649 3063 7144 3199 2777
7486 3611 3026 7153 3283 2740
7491 3611 3040 7153 3208 2735
7509 3686 3054 7129 3194 2735
7500 3602 3049 7148 3250 2749
7481 3607 3058 7092 3245 2768
7462 3593 3026 7115 3203 2796
