7092 3166 2979 7514 3733 2927
7092 3142 3026 7552 3691 2904
7073 3199 2974 7472 3710 2922
7097 3203 3030 7462 3729 2913
7115 3180 3012 7509 3696 2880
7115 3152 2932 7556 3719 2913
7172 3222 2998 7444 3719 2890
7144 3175 2998 7519 3719 2932
7068 3185 2979 7481 3724 2899
7125 3147 2974 7528 3719 2899
7106 3147 3030 7538 3710 2908
7083 3189 2922 7523 3700 2899
7078 3161 2983 7552 3719 2890
7129 3227 2918 7547 3752 2885
7045 3180 3002 7505 3705 2876
7073 3138 2960 7481 3743 2890
7064 3100 2951 7495 3715 2922
7120 3185 3012 7467 3710 2904
7120 3203 2927 7486 3719 2890
7134 3156 2998 7495 3733 2922
7078 3175 2960 7467 3710 2890
7125 3138 3016 7458 3738 2885
7087 3222 2979 7495 3724 2894
7054 3222 2946 7523 3677 2899
7092 3161 3026 7533 3719 2904
7097 3227 2960 7491 3724 2899
7106 3128 2974 7467 3705 2913
7073 3222 2960 7491 3658 2876
7106 3208 3026 7509 3729 2918
7129 3138 2969 7472 3696 2922
7106 3180 3016 7495 3752 2913
7087 3199 2983 7495 3686 2899
7106 3208 2983 7505 3771 2880
7083 3147 2974 7556 3696 2876
7115 3170 3035 7519 3677 2904
7129 3189 2974 7491 3705 2890
7045 3166 2951 7505 3710 2899
7125 3180 2993 7439 3724 2937
7106 3124 2965 7477 3733 2880
7111 3170 2951 7462 3705 2913
7134 3152 3012 7505 3691 2922
7115 3175 2979 7467 3686 2890
7129 3161 3007 7547 3700 2908
7106 3217 2974 7519 3710 2876
7101 3194 3012 7514 3677 2894
7125 3170 2965 7495 3696 2880
7139 3142 2998 7448 3663 2885
7153 3185 2937 7495 3705 2899
7097 3147 2974 7528 3715 2904
7134 3105 2998 7477 3700 2890
