7345 3433 3166 7223 3532 2637
7355 3508 3147 7172 3536 2717
7322 3452 3156 7186 3489 2651
7345 3475 3128 7162 3541 2632
7341 3480 3156 7200 3532 2646
7378 3485 3175 7219 3579 2637
7289 3466 3147 7172 3550 2665
7341 3494 3170 7153 3485 2660
7336 3461 3142 7181 3532 2670
7322 3485 3156 7176 3574 2660
7308 3494 3166 7148 3560 2660
7373 3499 3138 7205 3550 2698
7317 3485 3166 7172 3452 2665
7317 3466 3124 7162 3536 2623
7341 3457 3147 7214 3550 2689
7303 3541 3124 7205 3555 2660
7341 3485 3156 7162 3541 2651
7326 3424 3119 7242 3532 2665
7289 3485 3152 7242 3513 2660
7326 3457 3147 7181 3503 2698
7341 3499 3119 7219 3513 2651
7336 3461 3152 7172 3527 2637
7312 3489 3156 7223 3518 2637
7350 3522 3147 7223 3569 2670
7294 3536 3152 7200 3532 2623
7294 3480 3180 7242 3503 2628
7373 3508 3128 7242 3527 2614
7312 3471 3170 7214 3555 2623
7345 3522 3152 7219 3546 2651
7350 3480 3189 7176 3546 2712
7336 3508 3166 7200 3518 2623
7317 3447 3128 7233 3555 2637
7341 3489 3161 7190 3480 2651
7326 3461 3114 7172 3569 2623
7322 3466 3147 7228 3508 2646
7336 3494 3161 7148 3518 2675
7289 3433 3147 7205 3532 2642
7341 3503 3142 7209 3536 2660
7289 3471 3161 7237 3541 2670
7345 3457 3156 7190 3494 2642
7303 3461 3147 7219 3518 2646
7336 3522 3156 7162 3527 2693
7289 3461 3138 7148 3518 2651
7341 3471 3185 7134 3508 2637
7294 3442 3147 7200 3489 2665
7345 3461 3147 7205 3532 2665
7331 3503 3114 7181 3527 2637
7364 3503 3152 7242 3555 2660
7331 3485 3170 7195 3541 2637
7317 3527 3166 7176 3532 2689
