7205 4042 2074 6956 3550 2374
7280 4080 2084 7017 3522 2412
7190 4094 2107 6923 3532 2360
7223 4066 2069 6975 3546 2360
7270 4084 2023 6975 3555 2351
7228 4141 2065 6979 3546 2356
7214 4099 2121 6975 3541 2379
7228 4042 2093 6979 3569 2384
7242 4094 2102 6989 3532 2374
7190 4103 2084 7003 3541 2384
7205 4099 2060 6956 3536 2379
7209 4117 2055 7003 3569 2384
7219 4066 2084 6965 3546 2384
7186 4084 2065 6979 3583 2374
7167 4052 2088 6928 3527 2356
7219 4099 2069 6984 3546 2370
7251 4108 2046 6993 3546 2388
7219 4080 2060 6993 3527 2370
7214 4089 2074 6989 3536 2365
7237 4141 2084 6979 3560 2351
7176 4099 2041 7054 3536 2365
7223 4108 2008 6975 3569 2379
7214 4108 2065 6984 3579 2374
7181 4075 2074 6975 3536 2412
7251 4099 2074 6979 3518 2356
7228 4084 2084 6970 3536 2351
7233 4099 2032 6989 3541 2379
7200 4113 2037 6975 3560 2351
7261 4066 2069 6942 3532 2384
7242 4066 2051 6979 3560 2393
7251 4066 2055 6979 3494 2360
7242 4089 2069 7008 3550 2356
7242 4070 2041 6965 3508 2379
7223 4084 2060 6937 3569 2360
7214 4089 2046 6993 3574 2365
7228 4131 2084 6979 3560 2365
7209 4108 2051 7003 3518 2356
7200 4113 2060 6975 3503 2374
7176 4113 2093 6998 3541 2374
7223 4056 2032 6956 3527 2356
7242 4127 2093 7026 3560 2365
7214 4075 2041 6979 3527 2379
7195 4061 2079 6942 3522 2356
7228 4103 2093 6989 3560 2374
7209 4080 2079 6984 3583 2379
7223 4028 2032 6998 3550 2374
7195 4141 2046 6975 3574 2351
7219 4089 2069 6947 3499 2379
7261 4075 2046 6951 3536 2379
7247 4056 2084 6965 3560 2327
