7031 3841 2055 7059 3616 2295
6993 3916 2037 7059 3649 2290
7017 3855 2037 7045 3607 2327
7050 3972 1994 7083 3635 2318
6970 3887 2074 7078 3625 2295
6989 3920 2032 7073 3635 2337
7031 3911 2013 7101 3649 2285
7036 3873 2018 7036 3579 2309
6989 3925 2032 7139 3607 2323
7078 3972 2004 7064 3602 2285
7003 3892 2046 7068 3649 2309
7008 3859 2060 7101 3621 2304
7050 3948 2046 7083 3583 2276
7022 3887 2018 7012 3593 2281
7008 3878 2032 7022 3583 2299
7031 3916 2060 7064 3611 2323
7022 3916 2018 7045 3649 2309
7008 3944 2013 7045 3607 2290
7026 3846 2004 7083 3621 2295
6956 3897 2041 7059 3621 2285
7050 3883 2013 7059 3588 2276
6979 3850 1999 7059 3635 2318
6993 3887 2037 7050 3621 2309
7008 3920 2037 7115 3663 2281
7012 3948 2023 7054 3621 2304
7036 3873 2041 7054 3593 2318
6993 3883 2032 7054 3616 2309
7012 3808 2004 7022 3630 2271
6998 3925 2041 7059 3560 2290
7017 3883 2037 7045 3607 2318
6993 3911 2032 7106 3611 2313
7064 3911 2060 7050 3607 2271
7031 3851 2037 7036 3611 2290
6965 3916 2037 7083 3654 2281
7050 3897 2069 7054 3639 2327
7026 3916 2041 7092 3574 2285
7064 3883 2060 7008 3602 2318
7003 3869 2027 7050 3639 2290
7031 3873 2055 7040 3635 2304
7045 3944 2018 7078 3611 2313
7045 3906 2023 7036 3611 2299
7036 3883 2018 7045 3579 2295
7012 3878 2046 7026 3616 2299
6998 3953 2037 7045 3649 2309
7036 3878 2046 7106 3611 2257
7022 3878 2046 7101 3625 2299
7064 3878 2013 7083 3555 2313
7017 3855 2041 7036 3649 2323
7012 3925 2032 7036 3630 2290
6993 3897 2027 7064 3625 2360
