7378 3977 2224 6839 3499 2257
7350 3953 2187 6853 3442 2266
7392 3962 2205 6806 3494 2229
7397 4033 2234 6820 3527 2257
7397 4005 2201 6890 3518 2281
7416 3962 2224 6797 3503 2290
7312 3967 2182 6890 3532 2304
7317 4005 2210 6895 3447 2266
7416 4005 2220 6862 3480 2229
7350 3972 2210 6909 3503 2243
7425 3986 2187 6811 3513 2257
7392 4005 2191 6900 3442 2266
7444 3991 2196 6857 3536 2173
7397 4009 2191 6937 3518 2238
7373 4009 2210 6867 3485 2215
7312 3977 2220 6811 3513 2215
7345 3977 2224 6853 3489 2299
7336 3967 2220 6848 3447 2238
7317 3967 2215 6928 3499 2266
7383 3972 2210 6871 3532 2168
7359 4047 2182 6834 3485 2285
7359 3977 2220 6857 3494 2229
7383 4023 2215 6853 3513 2281
7383 4005 2173 6867 3546 2281
7364 3972 2201 6825 3518 2248
7359 3967 2224 6881 3499 2271
7345 4000 2220 6881 3513 2257
7378 3986 2220 6825 3508 2285
7341 3991 2205 6886 3475 2285
7345 3972 2182 6867 3480 2281
7341 3991 2229 6918 3499 2276
7387 4000 2224 6843 3494 2299
7350 3948 2201 6857 3485 2266
7369 4080 2187 6881 3494 2285
7359 4009 2224 6825 3522 2295
7402 3962 2220 6811 3485 2281
7373 4009 2191 6848 3527 2313
7350 4056 2201 6862 3494 2285
7402 4014 2238 6843 3489 2285
7378 3934 2201 6839 3532 2238
7317 3986 2215 6871 3461 2276
7378 4033 2229 6857 3532 2299
7406 4019 2205 6839 3494 2229
7373 4033 2191 6839 3480 2252
7402 3977 2163 6867 3522 2252
7406 4019 2182 6829 3499 2224
7392 3981 2215 6825 3489 2295
7434 3986 2182 6834 3489 2234
7392 3948 2177 6853 3480 2234
7378 3967 2224 6848 3494 2234
