7125 3658 2351 7045 3897 1995
7111 3630 2323 7017 3855 2004
7101 3668 2337 7036 3887 1976
7092 3658 2252 7022 3906 1990
7106 3663 2262 6989 3981 2037
7097 3663 2295 7045 3887 2046
7064 3686 2271 7008 3939 1972
7050 3691 2281 7050 3855 1939
7059 3654 2323 7022 3851 2008
7097 3639 2370 7026 3925 2004
7054 3663 2332 7003 3878 2051
7078 3649 2332 6979 3939 1943
7101 3682 2257 7012 3953 1986
7073 3654 2337 7054 3892 1976
7087 3658 2290 6979 3948 2008
7078 3682 2281 6979 3883 2018
7022 3696 2313 7012 3892 2018
7054 3663 2318 7087 3869 1962
7115 3658 2276 7003 3920 1999
7097 3696 2337 6961 3981 2008
7106 3639 2266 7045 3897 1981
7040 3621 2360 7054 3873 2027
7083 3630 2276 7036 3855 2004
7078 3672 2313 7008 3897 1990
7050 3639 2271 7026 3911 1986
7073 3696 2332 7008 3887 1999
7083 3616 2318 7022 3906 2018
7059 3682 2290 7045 3906 2013
7068 3644 2318 6998 3897 1995
7101 3663 2365 7003 3897 1981
7111 3691 2318 7078 3892 2008
7106 3625 2313 6970 3846 1972
7083 3668 2252 7022 3911 2037
7087 3611 2337 7026 3859 2037
7064 3658 2313 6989 3944 2027
7083 3630 2313 7050 3892 2027
7045 3654 2327 6984 3925 1999
7092 3630 2309 7040 3934 2023
7054 3635 2313 7036 3859 1939
7087 3616 2332 7022 3925 2018
7054 3668 2332 7026 3916 2018
7101 3696 2351 7022 3934 1990
7054 3654 2327 7003 3892 1990
7078 3654 2346 7017 3925 1981
7078 3644 2304 7050 3878 2023
7148 3616 2313 7022 3930 2027
7059 3696 2332 7003 3934 2023
7054 3635 2327 7008 3897 1995
7050 3639 2337 6979 3911 1962
7134 3672 2332 7022 3869 2018
