6848 3639 2252 7359 3981 2215
6862 3597 2290 7355 3972 2234
6853 3564 2248 7369 3930 2205
6857 3564 2281 7345 3986 2187
6853 3588 2266 7430 3986 2205
6871 3668 2252 7378 3995 2229
6881 3607 2295 7312 4019 2220
6895 3569 2285 7350 3986 2187
6886 3602 2290 7378 3967 2205
6881 3635 2266 7406 4009 2224
6843 3579 2238 7373 3944 2187
6876 3602 2266 7331 3962 2220
6890 3569 2257 7397 3967 2224
6881 3616 2299 7387 3977 2215
6900 3630 2290 7331 3995 2196
6815 3564 2313 7317 3977 2210
6834 3616 2257 7369 3981 2220
6900 3635 2243 7355 4000 2234
6839 3639 2290 7406 4005 2238
6839 3597 2281 7369 3958 2201
6890 3625 2276 7303 4009 2205
6843 3569 2234 7378 4009 2201
6890 3611 2266 7341 4033 2215
6843 3588 2234 7397 3986 2177
6876 3607 2271 7359 3962 2224
6843 3611 2243 7373 3972 2187
6862 3607 2281 7373 4023 2224
6876 3560 2295 7275 4009 2234
6871 3588 2276 7364 3981 2201
6839 3611 2234 7350 4005 2191
6876 3635 2299 7406 3995 2196
6843 3625 2295 7303 4005 2248
6890 3569 2290 7317 3995 2201
6857 3597 2266 7284 3991 2229
6862 3607 2243 7350 3995 2205
6820 3555 2243 7383 4014 2191
6876 3546 2290 7289 4028 2191
6876 3588 2295 7336 3986 2210
6876 3611 2299 7397 4028 2187
6857 3583 2285 7345 4038 2210
6867 3635 2281 7322 3995 2210
6862 3593 2238 7294 4033 2201
6904 3639 2299 7364 3995 2238
6843 3564 2266 7308 3948 2201
6876 3564 2257 7331 4005 2205
6829 3602 2271 7350 4000 2220
6895 3560 2299 7345 4056 2243
6876 3579 2285 7355 3986 2243
6876 3635 2238 7355 4005 2224
6871 3583 2248 7350 4005 2187
