7298 3869 2295 6909 3611 2116
7336 3845 2285 6811 3616 2130
7298 3944 2313 6853 3663 2088
7228 3906 2271 6843 3635 2107
7284 3855 2341 6815 3593 2112
7284 3897 2299 6928 3677 2098
7284 3878 2285 6900 3677 2116
7242 3859 2276 6862 3672 2140
7256 3846 2285 6895 3611 2116
7298 3869 2309 6843 3654 2079
7284 3859 2262 6909 3639 2112
7294 3892 2290 6876 3616 2140
7298 3818 2266 6918 3672 2121
7237 3887 2248 6909 3710 2116
7303 3887 2299 6886 3602 2102
7251 3855 2262 6918 3649 2079
7270 3883 2243 6806 3583 2093
7303 3841 2295 6886 3635 2121
7233 3916 2309 6820 3668 2084
7317 3873 2299 6867 3635 2093
7294 3897 2290 6942 3583 2098
7251 3864 2257 6834 3649 2116
7308 3892 2281 6909 3588 2079
7256 3845 2271 6829 3611 2107
7312 3851 2276 6834 3658 2098
7289 3836 2290 6825 3588 2102
7280 3850 2271 6853 3644 2074
7256 3892 2271 6881 3658 2135
7317 3841 2271 6825 3607 2069
7256 3906 2323 6834 3658 2074
7237 3836 2351 6890 3644 2093
7289 3836 2290 6923 3588 2126
7294 3887 2332 6890 3639 2130
7265 3846 2309 6895 3607 2126
7265 3855 2205 6881 3621 2130
7289 3846 2285 6900 3639 2112
7294 3845 2290 6900 3630 2144
7256 3846 2262 6848 3639 2126
7242 3841 2276 6806 3663 2112
7298 3850 2318 6862 3597 2112
7275 3855 2332 6900 3658 2140
7294 3873 2323 6932 3574 2098
7261 3855 2351 6918 3663 2107
7256 3869 2295 6820 3630 2079
7284 3851 2299 6853 3635 2144
7280 3836 2313 6909 3616 2102
7256 3892 2290 6909 3658 2098
7261 3859 2318 6965 3597 2121
7303 3845 2295 6829 3593 2112
7303 3855 2262 6909 3644 2098
