6853 3644 2116 7242 3818 2327
6881 3654 2163 7237 3794 2351
6904 3649 2163 7176 3818 2341
6811 3635 2154 7200 3827 2332
6867 3672 2130 7247 3808 2318
6857 3630 2135 7219 3846 2327
6806 3658 2149 7148 3822 2341
6825 3635 2121 7158 3822 2332
6857 3621 2130 7172 3851 2313
6914 3630 2144 7261 3836 2337
6867 3672 2144 7242 3846 2327
6862 3621 2163 7251 3832 2332
6853 3630 2135 7200 3855 2323
6862 3635 2126 7139 3808 2332
6843 3663 2163 7275 3845 2309
6839 3654 2130 7172 3864 2309
6806 3658 2154 7195 3827 2346
6886 3672 2116 7195 3836 2332
6886 3696 2168 7233 3859 2299
6825 3635 2149 7186 3818 2327
6853 3635 2159 7153 3804 2327
6904 3635 2163 7176 3845 2337
6853 3644 2144 7303 3845 2318
6871 3705 2116 7228 3841 2365
6871 3639 2116 7186 3832 2332
6890 3663 2140 7190 3859 2356
6820 3663 2168 7190 3804 2304
6825 3663 2098 7167 3832 2365
6857 3625 2163 7176 3813 2332
6886 3682 2144 7172 3822 2309
6825 3658 2154 7228 3845 2290
6811 3668 2149 7247 3813 2332
6867 3607 2107 7223 3790 2332
6811 3658 2121 7162 3804 2341
6857 3616 2135 7153 3832 2299
6871 3639 2144 7200 3845 2323
6857 3654 2126 7237 3841 2346
6843 3686 2159 7233 3813 2318
6876 3663 2126 7190 3832 2332
6890 3625 2168 7176 3845 2309
6867 3682 2182 7158 3836 2346
6811 3691 2149 7280 3818 2299
6829 3691 2135 7097 3818 2356
6848 3658 2088 7148 3832 2309
6876 3658 2135 7186 3850 2318
6890 3663 2163 7172 3832 2351
6890 3625 2140 7144 3832 2309
6881 3672 2135 7237 3827 2332
6797 3654 2159 7181 3841 2323
6857 3611 2159 7190 3832 2318
