7003 3583 2445 7223 3991 2032
7064 3654 2468 7247 3986 2032
6886 3682 2454 7209 3972 2051
6937 3593 2501 7228 4023 2041
6923 3602 2506 7223 4023 2069
7008 3579 2501 7205 4028 2065
6871 3611 2487 7256 4005 2065
6932 3560 2506 7237 3986 2037
6909 3625 2520 7195 4014 2032
6956 3560 2492 7294 4061 2041
6989 3550 2510 7223 3944 2008
6956 3616 2506 7190 3991 2069
7017 3630 2435 7200 4009 2041
7008 3611 2482 7219 3991 2023
7012 3583 2510 7242 3986 2041
6979 3588 2515 7186 4023 2037
6993 3579 2463 7247 3991 2032
6923 3611 2492 7186 3986 2046
7050 3611 2459 7280 4014 2060
6984 3635 2449 7190 4014 2065
7003 3625 2459 7200 3981 2041
6993 3560 2501 7195 4028 2065
6947 3597 2459 7209 4023 2084
6989 3597 2473 7247 3991 2084
6886 3550 2524 7247 4005 2018
6942 3616 2468 7275 4047 2018
6956 3630 2492 7219 4028 2051
6900 3663 2496 7237 4014 2037
7017 3625 2496 7176 4000 2013
6989 3630 2501 7233 4033 2060
6928 3597 2478 7228 4042 2051
6900 3588 2463 7233 4005 2008
6947 3560 2478 7205 4033 2060
6881 3658 2459 7172 4014 2046
6900 3607 2473 7205 4038 2084
6928 3560 2478 7176 3986 2093
7003 3611 2421 7181 4042 2074
6993 3564 2473 7200 4023 2051
6886 3607 2459 7242 4019 2027
6848 3616 2492 7233 3958 2074
6942 3574 2473 7214 4052 2046
6989 3588 2473 7265 3986 2041
6942 3625 2459 7233 4038 2027
6965 3593 2468 7247 4023 2069
6937 3597 2501 7256 4005 2055
6928 3668 2506 7247 4014 2032
6909 3616 2482 7176 4033 2041
7008 3602 2463 7200 3977 2084
6956 3583 2468 7247 4014 2037
7003 3611 2468 7209 4052 2032
