6975 4197 2032 6942 4426 1831
6970 4141 2051 6970 4412 1864
6975 4155 2018 6975 4370 1887
7017 4164 2013 6947 4389 1859
6928 4117 1999 6975 4426 1897
6975 4164 2046 6961 4422 1854
6947 4169 2041 6951 4426 1868
6993 4169 2046 6904 4365 1845
6998 4183 1990 7012 4389 1840
7012 4169 2041 6961 4389 1887
6956 4155 2051 6932 4393 1892
6984 4155 1995 6942 4375 1887
6956 4155 2055 6951 4407 1854
7017 4136 1986 6947 4426 1897
7022 4141 2032 6904 4412 1854
6979 4150 2065 6942 4356 1859
6979 4084 1994 6970 4403 1840
6947 4192 2046 6961 4412 1859
6989 4164 2055 6947 4393 1911
6904 4192 1994 6923 4412 1887
6947 4159 2060 6970 4422 1864
6993 4159 2004 6937 4407 1868
6942 4178 2004 6928 4361 1864
7012 4183 2060 7008 4384 1868
7017 4169 2041 6989 4398 1854
6975 4211 2055 6937 4389 1868
6989 4145 1994 6914 4398 1826
6956 4145 2079 6993 4426 1873
6970 4169 2004 6937 4398 1864
7036 4192 2037 6942 4384 1873
6937 4150 2008 6965 4389 1850
6965 4164 2027 6937 4398 1882
6961 4159 2027 6956 4384 1882
6989 4164 2037 6942 4445 1882
6989 4131 2027 6942 4407 1892
6979 4206 2079 6942 4440 1882
6993 4141 2074 6965 4375 1812
6984 4174 2065 6923 4417 1878
6998 4131 2041 6890 4389 1911
6998 4164 2098 6947 4389 1859
6956 4164 2037 6942 4384 1887
6970 4169 2032 6923 4417 1882
6975 4103 2023 6932 4379 1850
6965 4183 1994 6942 4403 1892
6975 4159 2051 6937 4370 1873
6993 4216 2027 6923 4393 1873
6932 4094 2027 6937 4422 1873
7031 4159 2046 6961 4431 1854
6937 4174 2060 6984 4426 1850
7017 4216 2013 6947 4412 1864
