6965 4436 1892 7012 4136 1953
6928 4379 1901 6956 4183 1976
6914 4426 1953 6979 4122 2013
6965 4417 1911 6914 4127 2032
6932 4478 1920 6965 4183 2032
6989 4389 1939 6956 4150 1990
6923 4393 1906 6904 4183 1943
7003 4379 1873 6928 4159 1925
6975 4412 1925 6961 4155 2008
6918 4407 1882 6961 4145 2008
6942 4417 1920 6947 4202 1953
6923 4417 1911 6970 4150 2013
6970 4361 1929 6881 4155 1995
6961 4384 1925 6961 4178 1967
6914 4436 1911 6956 4169 1986
6956 4426 1958 6956 4188 2037
6890 4389 1962 6970 4188 1953
6998 4398 1929 6937 4108 1943
6951 4407 1953 6947 4164 2018
6904 4431 1958 6904 4202 1986
6909 4445 1911 6937 4169 1972
6989 4454 1929 6923 4202 2032
7017 4431 1897 6956 4136 1967
6937 4426 1920 6956 4211 1962
6904 4459 1920 6951 4188 1972
6942 4431 1939 6998 4145 2018
6890 4417 1873 6914 4169 1990
6881 4412 1897 6904 4178 1990
6956 4431 1911 6923 4211 2027
6918 4436 1953 6932 4202 2013
6914 4422 1915 6909 4211 1990
6909 4422 1901 7012 4183 1967
6965 4375 1901 6951 4178 1990
6914 4426 1920 6937 4206 2055
7012 4384 1906 6932 4206 1981
7008 4426 1892 6932 4197 2008
6932 4370 1948 6942 4174 1943
6918 4412 1943 6914 4122 2041
6881 4436 1929 6932 4150 2037
6951 4403 1939 6923 4216 2013
6975 4459 1911 6956 4197 1962
6951 4436 1939 6989 4192 2008
6970 4389 1948 6942 4188 2018
6914 4454 1943 6970 4215 1986
6961 4407 1939 6914 4159 2023
6895 4436 1925 6970 4211 1948
6979 4426 1967 6932 4178 1990
6975 4431 1892 6965 4164 1986
6965 4422 1911 6975 4192 1990
6975 4436 1887 6928 4159 1976
