7294 4483 1972 6783 3986 2055
7237 4422 1906 6731 3986 2079
7280 4468 1920 6788 4047 2027
7247 4529 1915 6717 4014 2079
7219 4459 1943 6689 3977 2079
7270 4478 1939 6750 4028 2037
7294 4492 1981 6769 4033 2051
7261 4459 1887 6731 3958 2032
7237 4464 1887 6736 4019 2093
7205 4520 1915 6741 3986 2041
7219 4497 1925 6745 3995 2013
7214 4478 1906 6792 3948 2051
7223 4483 1906 6760 4014 2032
7219 4487 1906 6769 3986 2046
7223 4511 1934 6689 4038 2074
7219 4483 1915 6774 3981 2032
7312 4497 1911 6797 3995 2069
7214 4487 1920 6745 4000 2069
7237 4506 1925 6783 3977 2046
7237 4497 1934 6760 4028 2060
7209 4440 1920 6764 3981 2023
7195 4515 1929 6797 4000 2041
7251 4506 1859 6713 4019 2041
7265 4464 1925 6699 3981 2074
7223 4393 1906 6703 4019 2051
7256 4478 1920 6802 3981 2023
7223 4497 1953 6750 4005 2102
7251 4487 1962 6783 4019 1994
7261 4478 1948 6755 4000 2046
7237 4478 1972 6722 4009 2074
7242 4478 1915 6736 3962 2037
7228 4473 1915 6731 3972 2112
7242 4468 1934 6745 3962 2055
7247 4459 1958 6755 4005 2046
7237 4473 1920 6713 4005 2023
7265 4487 1925 6750 3991 2084
7256 4483 1920 6769 3991 2046
7270 4478 1962 6741 4009 2041
7223 4473 1929 6731 3977 2055
7209 4468 1943 6741 3981 2074
7233 4464 1943 6774 3962 2041
7280 4511 1920 6750 3991 2041
7233 4506 1934 6774 4019 2041
7256 4492 1920 6713 3986 2055
7261 4478 1948 6764 4000 2037
7265 4450 1958 6811 3948 2055
7205 4501 1948 6778 3967 2032
7256 4454 1934 6713 4019 2051
7298 4464 1976 6760 4014 2032
7214 4511 1943 6764 3995 2051
