6876 4108 2112 7083 4548 1911
6829 4108 2098 7139 4464 1840
6820 4122 2084 7144 4450 1859
6815 4108 2065 7162 4478 1845
6848 4113 2074 7115 4506 1864
6848 4141 2084 7111 4548 1887
6867 4122 2126 7148 4539 1906
6825 4084 2098 7176 4534 1864
6829 4131 2079 7153 4515 1887
6871 4136 2074 7106 4487 1836
6857 4099 2060 7073 4525 1901
6829 4127 2144 7083 4525 1882
6853 4113 2107 7125 4506 1850
6848 4094 2107 7106 4506 1850
6839 4103 2069 7190 4562 1850
6806 4089 2098 7101 4511 1882
6820 4117 2060 7158 4553 1873
6848 4108 2088 7158 4478 1892
6839 4052 2107 7115 4548 1882
6839 4131 2088 7087 4572 1882
6834 4099 2116 7129 4567 1892
6788 4127 2098 7068 4511 1878
6825 4113 2088 7214 4501 1906
6853 4070 2130 7097 4567 1901
6825 4075 2093 7162 4487 1892
6834 4141 2098 7129 4501 1854
6815 4094 2065 7129 4501 1892
6876 4113 2074 7134 4483 1887
6802 4122 2069 7162 4506 1836
6829 4117 2112 7106 4558 1821
6843 4103 2159 7101 4539 1887
6829 4122 2088 7129 4492 1868
6843 4150 2135 7054 4529 1882
6815 4075 2098 7176 4487 1882
6848 4075 2098 7115 4501 1906
6811 4122 2107 7181 4497 1901
6839 4075 2065 7106 4525 1868
6871 4127 2079 7134 4487 1878
6811 4141 2069 7148 4525 1864
6857 4108 2121 7158 4501 1878
6834 4089 2074 7073 4492 1878
6839 4127 2121 7158 4548 1873
6815 4113 2098 7167 4506 1850
6834 4108 2093 7111 4506 1897
6871 4113 2112 7176 4543 1911
6853 4127 2098 7158 4539 1892
6867 4084 2088 7148 4515 1864
6867 4103 2093 7134 4567 1854
6848 4108 2093 7153 4558 1882
6839 4103 2093 7153 4534 1873
