6699 3967 2069 7261 4389 1864
6717 3991 2079 7153 4426 1915
6689 3948 2112 7237 4412 1911
6717 4019 2084 7190 4384 1953
6755 3944 2093 7223 4436 1939
6750 4028 2069 7129 4412 1962
6717 4009 2084 7186 4407 1943
6736 4019 2065 7167 4407 1915
6727 4023 2107 7153 4436 1911
6708 4000 2093 7209 4407 1925
6694 3967 2093 7228 4403 1892
6717 4028 2079 7228 4426 1887
6699 4066 2074 7219 4403 1943
6731 4000 2084 7158 4412 1897
6675 4019 2074 7148 4398 1934
6703 3930 2060 7237 4412 1897
6689 4005 2121 7242 4417 1915
6699 4047 2032 7158 4393 1915
6722 3958 2065 7181 4417 1953
6675 4061 2093 7134 4436 1882
6699 3981 2084 7195 4431 1901
6745 4028 2084 7162 4407 1868
6717 4056 2112 7158 4389 1920
6689 3986 2088 7162 4412 1878
6755 3962 2098 7195 4398 1892
6708 4005 2116 7186 4445 1929
6689 4000 2084 7195 4426 1943
6694 4019 2074 7167 4431 1958
6689 4061 2069 7172 4436 1906
6703 3981 2102 7265 4464 1840
6755 4014 2065 7139 4417 1953
6731 4042 2046 7195 4398 1854
6731 3958 2098 7144 4445 1906
6703 4052 2102 7148 4459 1939
6760 4047 2060 7120 4426 1958
6741 4038 2088 7228 4422 1929
6703 3986 2074 7172 4445 1943
6736 4033 2107 7176 4436 1929
6727 3930 2093 7195 4431 1901
6713 4019 2065 7200 4436 1939
6694 3967 2102 7242 4422 1887
6769 3981 2107 7200 4412 1943
6694 3986 2098 7214 4440 1920
6727 4019 2079 7176 4403 1897
6703 3995 2116 7172 4450 1911
6755 3977 2074 7190 4431 1882
6680 4019 2093 7228 4412 1948
6731 4033 2074 7162 4422 1929
6675 4009 2116 7200 4422 1850
6750 3986 2065 7181 4440 1897
