7139 4318 2023 6797 4178 1994
7153 4365 1967 6774 4202 1962
7148 4295 1986 6736 4183 1972
7111 4276 1999 6764 4202 1953
7153 4295 2004 6745 4164 1981
7153 4286 2018 6741 4220 1986
7158 4361 1995 6811 4188 1976
7125 4332 1995 6727 4192 1994
7172 4309 1994 6788 4206 1962
7134 4304 1994 6788 4159 1972
7097 4370 1958 6769 4150 1972
7139 4342 1994 6703 4178 1995
7176 4351 1994 6802 4178 1990
7158 4328 2023 6802 4188 1994
7134 4286 1986 6760 4164 1939
7111 4328 1995 6736 4159 1976
7153 4342 1994 6745 4183 1994
7144 4295 2008 6745 4174 1976
7120 4318 1990 6764 4188 1948
7153 4309 2008 6745 4183 1986
7115 4365 1986 6783 4220 1995
7144 4300 1990 6731 4169 2018
7129 4323 1999 6792 4192 1967
7134 4276 2013 6764 4225 1948
7115 4342 1994 6731 4183 1962
7148 4346 1976 6741 4206 1986
7176 4290 1972 6722 4206 1995
7148 4323 1986 6745 4192 1962
7134 4318 1958 6755 4159 1943
7148 4332 1999 6802 4174 1999
7158 4328 1943 6774 4216 1953
7144 4342 1939 6755 4155 1995
7148 4351 1972 6722 4178 1976
7181 4328 1995 6811 4145 1999
7139 4323 1953 6806 4164 1976
7148 4300 1981 6760 4183 1981
7129 4271 1972 6769 4211 1972
7153 4370 1976 6788 4215 1976
7153 4379 2004 6764 4211 1967
7144 4328 1999 6717 4206 1958
7176 4318 1976 6755 4174 1948
7162 4286 1999 6792 4159 1976
7148 4286 1967 6745 4202 1948
7134 4356 1976 6760 4178 1990
7129 4295 1995 6703 4150 1981
7162 4286 1972 6750 4202 1972
7148 4281 1994 6774 4169 2004
7129 4370 1990 6802 4215 1962
7115 4314 2013 6788 4192 1981
7158 4337 1953 6788 4188 1972
