7101 4572 1906 6839 4052 2013
7092 4548 1925 6760 4014 2051
7087 4511 1906 6806 4042 2018
7148 4520 1911 6820 4038 2013
7097 4515 1906 6834 4056 1999
7120 4511 1887 6839 4042 1962
7087 4525 1934 6848 3995 1990
7064 4511 1915 6834 4070 1999
7106 4567 1929 6862 4042 1999
7134 4515 1882 6820 4028 1962
7129 4539 1868 6806 4028 2032
7134 4529 1906 6857 4019 2008
7087 4529 1920 6853 4066 2013
7120 4567 1953 6843 4089 2004
7073 4553 1943 6769 4033 2023
7106 4539 1873 6871 4042 2041
7078 4548 1948 6815 4042 2023
7186 4581 1929 6792 4009 2023
7097 4548 1911 6736 4019 2008
7162 4525 1906 6792 4033 1981
7101 4515 1939 6867 4005 2037
7092 4483 1897 6839 4070 2023
7073 4506 1929 6815 4084 2037
7045 4525 1948 6806 4042 2018
7064 4501 1929 6825 4014 2037
7040 4548 1911 6825 4038 1999
7017 4487 1897 6829 4023 2023
7125 4511 1878 6815 4056 2004
7087 4511 1939 6806 4019 2004
7134 4511 1906 6829 4019 1990
7073 4492 1906 6820 4033 1995
7125 4511 1901 6815 4052 2018
7120 4548 1915 6815 4033 2018
7059 4497 1901 6829 4070 1990
7083 4539 1878 6811 4061 1999
7153 4529 1887 6857 4070 2013
7129 4525 1897 6904 4070 2018
7097 4548 1892 6848 4038 1999
7078 4558 1939 6797 4038 2023
7115 4520 1892 6783 4038 1995
7106 4520 1920 6839 4042 2051
7078 4529 1887 6820 4009 2051
7125 4567 1929 6867 4023 2013
7050 4553 1948 6797 4009 1995
7087 4576 1939 6839 4033 2013
7158 4553 1892 6811 4038 2032
7097 4534 1873 6825 4028 2027
7097 4525 1915 6811 4052 2027
7054 4539 1920 6811 4033 2046
7115 4511 1892 6811 4038 2055
