6741 4211 1994 7134 4281 1990
6699 4206 2018 7120 4271 1953
6642 4159 1999 7101 4257 1999
6731 4220 2013 7120 4253 1967
6741 4211 2037 7125 4290 1990
6802 4215 1976 7129 4220 1986
6760 4215 1986 7078 4253 1994
6713 4183 1967 7087 4281 1981
6694 4202 2013 7120 4281 1990
6713 4183 1990 7153 4248 1995
6731 4225 1990 7083 4257 1999
6670 4169 1976 7167 4290 1972
6727 4150 1972 7115 4295 1967
6731 4192 1990 7050 4229 1972
6699 4174 1967 7087 4234 1981
6713 4192 1995 7101 4267 1981
6713 4174 1990 7205 4262 1976
6727 4183 2023 7078 4257 1976
6736 4174 1990 7078 4262 1990
6760 4197 2018 7031 4248 1995
6699 4220 1981 7078 4253 1995
6722 4206 1981 7101 4267 2004
6722 4197 1967 7073 4300 1990
6684 4216 1995 7097 4248 1994
6680 4202 1990 7097 4281 1990
6670 4164 1994 7087 4290 1962
6727 4220 1986 7125 4257 1999
6731 4211 2004 7148 4300 1958
6713 4159 2032 7181 4295 1981
6694 4202 1999 7083 4262 1972
6656 4192 1958 7129 4309 1958
6703 4215 1981 7144 4300 1994
6699 4178 1981 7148 4276 1994
6736 4183 1972 7148 4276 1967
6769 4169 1972 7120 4281 1990
6713 4216 1981 7120 4243 1990
6713 4192 1943 7209 4239 1999
6680 4243 1953 7120 4262 1981
6755 4169 2013 7153 4281 1967
6778 4202 1990 7120 4243 1990
6699 4197 2008 7167 4276 1972
6745 4216 1986 7083 4309 1981
6699 4145 1995 7064 4257 1990
6722 4178 1972 7129 4281 1995
6736 4202 1986 7162 4295 1986
6689 4202 1920 7148 4286 1986
6699 4178 1967 7120 4286 1995
6736 4253 2027 7078 4286 2004
6703 4229 2008 7111 4300 1962
6713 4202 1999 7134 4304 1994
