7209 5092 1999 6815 4661 2159
7214 5167 2037 6802 4637 2182
7205 5171 2046 6853 4642 2130
7200 5134 2046 6825 4628 2159
7251 5101 2004 6788 4665 2159
7205 5139 2032 6797 4642 2196
7200 5129 2023 6806 4619 2144
7167 5148 2046 6760 4642 2191
7153 5162 2041 6839 4637 2191
7214 5181 2041 6843 4675 2177
7223 5148 2055 6806 4647 2205
7219 5106 1999 6764 4623 2144
7158 5167 2004 6806 4637 2173
7190 5120 2023 6839 4712 2163
7190 5096 2037 6811 4633 2144
7237 5115 2004 6806 4651 2154
7186 5148 2013 6802 4670 2191
7186 5167 2008 6802 4670 2173
7172 5106 2008 6834 4609 2163
7195 5134 2037 6797 4670 2149
7261 5143 2046 6853 4675 2159
7237 5115 2037 6802 4689 2173
7176 5134 2027 6815 4637 2201
7228 5129 2046 6806 4595 2182
7190 5124 2008 6783 4614 2196
7223 5181 2046 6815 4604 2154
7209 5124 2041 6825 4633 2144
7172 5139 2032 6862 4675 2205
7219 5171 2055 6806 4628 2177
7223 5153 2037 6857 4661 2149
7214 5171 2013 6811 4642 2182
7200 5134 2032 6811 4675 2173
7176 5139 2018 6778 4647 2187
7228 5153 2037 6815 4694 2173
7172 5139 2046 6797 4684 2130
7209 5171 2069 6811 4642 2144
7190 5185 2069 6853 4623 2173
7275 5181 2041 6815 4656 2182
7214 5134 2069 6811 4684 2187
7200 5181 2023 6802 4642 2130
7242 5134 2023 6806 4633 2168
7209 5139 2032 6806 4661 2149
7242 5204 2032 6848 4628 2177
7200 5124 2032 6815 4689 2159
7219 5129 2051 6848 4684 2154
7209 5167 2046 6811 4623 2159
7176 5162 2018 6792 4680 2182
7186 5181 2051 6839 4665 2173
7186 5157 2018 6792 4665 2163
7190 5143 2055 6862 4619 2135
