7003 5059 2144 6914 4759 2107
7008 5063 2126 6900 4708 2088
7017 5040 2177 6984 4750 2098
6993 5049 2154 6961 4740 2116
7017 5049 2126 7008 4745 2098
7036 5082 2163 6914 4731 2088
7026 5054 2116 6890 4708 2144
7040 5096 2177 6923 4726 2130
7050 5068 2144 6956 4740 2102
7017 5049 2126 6914 4769 2098
7022 5106 2163 6862 4694 2126
7031 5073 2154 6932 4755 2107
7036 5073 2130 6900 4769 2102
7036 5054 2159 6975 4740 2093
7031 5045 2126 6979 4703 2140
7026 5082 2154 6900 4755 2130
7003 4984 2112 6923 4736 2112
6989 5092 2149 6942 4694 2088
6993 5063 2154 6928 4726 2130
7031 5031 2173 6975 4736 2112
7050 5035 2140 6932 4740 2121
6989 5087 2159 6932 4736 2102
7017 5063 2154 6984 4736 2098
6970 5087 2144 6998 4731 2107
7036 5054 2140 6876 4712 2098
6998 5078 2173 6989 4722 2098
7036 5049 2173 7036 4708 2135
6979 5078 2121 6961 4764 2149
7054 5082 2168 6979 4750 2116
7008 5031 2182 6871 4773 2121
7026 5068 2168 6942 4694 2084
7012 5096 2159 6961 4745 2116
7022 5059 2159 6923 4726 2126
6909 5078 2144 6942 4708 2140
7022 5092 2177 6970 4712 2098
7026 5049 2130 6914 4731 2093
7012 5106 2173 6942 4736 2098
7026 5045 2144 6951 4731 2112
7040 5073 2173 6956 4759 2112
7064 5054 2159 6900 4731 2084
6975 5012 2159 6942 4745 2102
7022 5073 2163 6918 4750 2102
6989 5087 2149 6923 4740 2126
6998 5068 2187 6918 4722 2130
7017 5078 2159 6923 4731 2163
7092 5068 2163 6975 4731 2135
7036 5082 2210 6970 4722 2116
7017 5073 2149 6970 4740 2102
7022 5049 2107 6961 4740 2093
7003 5054 2149 6951 4750 2098
