7326 5063 2046 6792 4708 2182
7331 5106 1990 6750 4712 2187
7373 5101 2037 6802 4661 2182
7383 5078 2055 6797 4736 2191
7294 5054 2032 6811 4647 2205
7317 5134 1948 6792 4651 2187
7270 5073 1995 6834 4680 2187
7317 5031 2027 6811 4708 2182
7312 5082 2051 6788 4717 2220
7261 5106 2051 6769 4665 2187
7275 5087 1962 6825 4661 2159
7312 5078 2069 6745 4642 2177
7350 5049 1995 6792 4670 2201
7317 5059 1999 6806 4708 2130
7317 5078 1934 6797 4722 2149
7336 5054 1994 6788 4712 2191
7289 5096 1990 6802 4675 2205
7336 5082 2060 6806 4694 2201
7298 5054 2018 6815 4722 2168
7247 5068 2051 6811 4698 2177
7312 5073 2084 6820 4689 2144
7261 5092 2018 6802 4694 2135
7355 5021 1995 6848 4698 2196
7280 5035 1934 6811 4708 2159
7251 5101 1972 6760 4689 2191
7303 5073 1990 6843 4703 2205
7284 4993 1967 6741 4689 2149
7280 5021 1967 6811 4684 2168
7308 5017 2037 6802 4708 2177
7326 5073 2041 6829 4703 2177
7303 5031 1967 6829 4680 2182
7294 5059 1967 6783 4712 2154
7322 5040 2008 6811 4722 2177
7298 5063 1958 6778 4675 2182
7312 5031 1976 6834 4745 2210
7317 5040 2008 6769 4708 2163
7317 5073 2018 6792 4731 2182
7345 5049 1972 6792 4675 2149
7275 5035 1967 6788 4722 2187
7237 5092 1994 6792 4698 2173
7298 5054 2037 6834 4680 2173
7303 5049 1990 6788 4680 2168
7294 5073 1999 6792 4750 2177
7242 5063 1981 6806 4712 2154
7298 5063 1999 6755 4726 2168
7275 5106 2069 6806 4694 2149
7326 5092 1972 6811 4708 2163
7280 5087 2065 6797 4661 2154
7326 5054 2013 6811 4703 2191
7294 5092 2060 6820 4703 2173
