6942 4787 2116 7045 5007 2173
6932 4745 2074 6993 5096 2159
6979 4778 2084 6979 5073 2177
6956 4722 2107 7008 5063 2130
7031 4750 2135 7008 5040 2149
6961 4764 2079 6998 5101 2102
6989 4759 2126 7031 5012 2126
6937 4750 2079 6956 5078 2121
6979 4769 2116 6970 5007 2140
7008 4755 2107 6979 5059 2107
6998 4773 2069 7031 5007 2102
6965 4792 2135 7083 5059 2144
6975 4773 2121 7040 5021 2168
6970 4764 2149 6979 5026 2168
6979 4778 2084 7045 5049 2177
6932 4764 2065 6998 5054 2140
6937 4778 2098 6975 5059 2121
7022 4712 2069 6947 5059 2116
6928 4736 2074 6998 5035 2116
6975 4801 2074 7036 5031 2177
6932 4755 2121 7064 5054 2130
6984 4755 2093 7003 5035 2116
6956 4755 2102 7022 5087 2149
6993 4759 2116 6998 5012 2121
6979 4811 2098 6970 5054 2154
6961 4745 2065 7022 5087 2130
6965 4778 2121 7045 5021 2159
6956 4722 2173 7026 5035 2168
6947 4759 2163 6956 5026 2121
6984 4778 2079 6984 5003 2144
6979 4740 2149 7008 5035 2144
6947 4726 2074 7017 5021 2107
7026 4755 2140 7059 5059 2140
6937 4717 2069 7017 5026 2107
6914 4778 2168 7087 5059 2126
6961 4759 2121 7026 5049 2116
6909 4773 2102 7026 5063 2135
6989 4750 2060 6993 5031 2116
6928 4750 2074 7068 5078 2098
6979 4773 2116 7003 5059 2107
6989 4717 2116 7031 5059 2159
6984 4769 2079 7040 5063 2116
6928 4783 2065 7073 5031 2144
6961 4764 2093 7050 5021 2163
6951 4792 2163 6979 5092 2163
6951 4801 2088 7040 5059 2135
6975 4740 2074 6975 5078 2144
6937 4759 2121 6961 5078 2135
7003 4783 2121 6993 5035 2116
6956 4769 2093 7022 5087 2177
