7209 4965 2060 6774 4848 2173
7190 4988 2027 6806 4825 2210
7148 4965 2074 6839 4816 2210
7219 4984 2065 6792 4801 2191
7172 5003 2018 6802 4816 2187
7200 4942 2088 6750 4783 2196
7186 4993 2065 6811 4844 2196
7209 5007 2032 6806 4825 2187
7167 5045 2027 6811 4839 2173
7205 5031 2027 6806 4830 2191
7186 4974 2046 6806 4806 2159
7153 5007 2018 6862 4801 2187
7205 4937 2074 6769 4839 2210
7219 4988 2037 6843 4830 2210
7209 4974 2018 6750 4830 2215
7219 4966 2023 6806 4825 2191
7148 4905 2060 6811 4825 2177
7223 4947 2037 6783 4844 2205
7228 4974 2051 6792 4830 2220
7219 4928 2060 6745 4839 2234
7190 4947 2037 6792 4858 2187
7195 4965 2046 6811 4876 2168
7181 4961 2060 6862 4830 2196
7167 4928 2023 6783 4876 2163
7237 5007 1994 6778 4825 2196
7181 4960 2060 6788 4820 2201
7233 4952 2041 6811 4830 2205
7237 5003 2069 6788 4778 2229
7144 4965 2055 6792 4792 2201
7219 4974 2065 6788 4834 2173
7205 4988 2041 6811 4848 2210
7153 5026 2079 6769 48444 2191
7205 4966 2041 6829 4830 2205
7209 4979 2037 6778 4830 2210
7181 4988 2102 6792 4820 2201
7129 4960 2088 6778 4858 2201
7176 4966 2051 6811 4811 2159
7209 4956 2060 6745 4844 2154
7219 4988 2051 6778 4844 2201
7195 4988 2046 6792 4839 2205
7162 4998 2037 6829 4839 2187
7200 4974 2065 6792 4858 2205
7200 4993 2065 6802 4872 2234
7200 4965 2041 6792 4820 2191
7228 4965 2051 6764 4839 2168
7242 4966 2041 6806 4816 2173
7200 5021 2055 6806 4848 2191
7251 4993 2023 6764 4830 2201
7223 4988 2023 6806 4848 2196
7162 4998 2027 6811 4811 2201
