6829 4675 2159 7261 5162 2032
6876 4708 2168 7148 5204 2041
6825 4680 2191 7214 5181 2027
6876 4647 2163 7228 5129 2037
6825 4651 2126 7172 5167 2004
6895 4703 2130 7205 5176 2018
6843 4647 2140 7195 5200 2013
6839 4661 2121 7148 5162 2041
6829 4684 2173 7162 5167 2037
6867 4708 2144 7186 5139 2055
6862 4656 2173 7195 5185 2008
6871 4726 2135 7176 5148 2079
6853 4689 2191 7176 5129 2013
6806 4703 2173 7219 5185 1990
6871 4698 2088 7265 5157 1990
6825 4670 2159 7237 5134 2004
6857 4665 2177 7265 5148 2060
6857 4656 2196 7251 5171 2018
6871 4670 2168 7205 5157 1990
6825 4694 2121 7247 5181 2041
6829 4619 2140 7209 5176 2037
6825 4651 2168 7195 5171 2032
6815 4694 2154 7219 5153 1990
6857 4670 2116 7233 5153 2023
6848 4628 2144 7214 5185 2046
6900 4684 2121 7153 5185 2041
6825 4703 2173 7209 5195 1995
6890 4675 2154 7186 5134 2060
6853 4689 2159 7176 5190 2008
6909 4628 2159 7167 5185 2013
6806 4665 2182 7228 5134 2037
6862 4684 2154 7190 5167 2008
6857 4665 2196 7209 5171 2027
6928 4619 2149 7205 5153 2004
6839 4684 2159 7209 5129 1986
6857 4665 2154 7181 5185 1981
6890 4670 2159 7195 5204 1953
6857 4684 2079 7214 5139 2027
6862 4703 2121 7233 5129 2041
6806 4689 2182 7219 5157 2037
6802 4661 2196 7219 5181 2027
6853 4675 2154 7219 5157 1999
6825 4694 2140 7214 5110 2032
6857 4665 2140 7205 5115 2018
6862 4661 2154 7186 5162 2065
6853 4670 2173 7223 5181 2023
6839 4670 2144 7200 5115 2027
6834 4651 2159 7195 5195 2037
6853 4647 2163 7265 5148 2032
6820 4670 2159 7190 5134 2027
