6792 4689 2205 7270 5082 2069
6717 4703 2224 7275 5040 1999
6750 4726 2215 7251 5092 1976
6760 4726 2220 7303 5059 1953
6745 4745 2229 7280 5082 1943
6745 4731 2196 7270 5059 1999
6769 4703 2201 7237 5110 1999
6811 4703 2248 7289 5073 1967
6708 4745 2196 7289 5101 1958
6750 4698 2205 7270 5059 1995
6755 4717 2196 7265 5073 2013
6802 4722 2182 7251 5082 2013
6811 4717 2252 7251 5040 2004
6802 4722 2187 7294 5054 1934
6736 4731 2191 7294 5059 2013
6788 4717 2229 7298 5073 1994
6769 4740 2224 7242 5073 1976
6788 4778 2191 7303 5035 2041
6755 4745 2210 7251 5115 1976
6745 4694 2196 7247 5073 1995
6774 4745 2173 7298 5031 1994
6760 4722 2276 7242 5054 1995
6769 4717 2234 7275 5101 2041
6792 4740 2177 7270 5045 1948
6815 4755 2187 7256 5040 1986
6806 4722 2196 7265 5063 1939
6745 4717 2205 7270 5059 1995
6774 4717 2257 7331 5063 2004
6806 4712 2220 7256 5068 2023
6750 4736 2191 7294 5054 2027
6727 4703 2262 7336 5045 1953
6774 4745 2191 7289 5082 2004
6764 4769 2191 7275 5059 2074
6741 4717 2243 7265 5073 1999
6802 4722 2257 7284 5087 1934
6755 4736 2210 7284 5059 1986
6731 4755 2159 7317 5045 2055
6783 4740 2215 7275 5049 2065
6731 4731 2252 7265 5040 1925
6797 4740 2234 7336 5012 1953
6788 4717 2210 7289 5040 1990
6764 4722 2210 7251 5017 2051
6806 4759 2248 7280 5092 1999
6774 4689 2234 7289 5049 1948
6755 4717 2210 7331 5054 1911
6703 4722 2220 7242 5059 1967
6802 4773 2210 7289 5068 2046
6783 4726 2205 7289 5021 2013
6783 4731 2238 7284 5017 1958
6769 4722 2210 7322 5031 1990
