6834 4937 2182 7219 4905 2023
6867 4905 2196 7172 4923 2046
6820 4895 2304 7172 4891 2051
6806 4881 2196 7176 4909 2055
6829 4891 2187 7139 4900 2060
6802 4928 2191 7134 4909 2051
6811 4909 2266 7181 4867 2037
6829 4928 2220 7176 4909 1990
6834 4858 2210 7190 4891 2051
6806 4942 2205 7148 4923 2023
6806 4891 2234 7172 4909 1999
6839 4956 2252 7209 4928 2018
6862 4825 2196 7190 4895 1990
6797 4909 2224 7167 4881 1976
6862 4909 2234 7172 4891 2004
6820 4942 2243 7134 4867 2032
6820 4919 2295 7148 4900 2018
6811 4895 2257 7153 4872 1990
6867 4886 2210 7190 4900 1999
6839 4952 2177 7223 4937 2027
6802 4919 2215 7167 4905 2008
6806 4909 2252 7195 4909 2032
6843 4905 2224 7209 4914 2027
6871 4895 2210 7195 4933 2046
6890 4960 2229 7228 4895 2023
6839 4876 2257 7148 4909 2041
6890 4872 2234 7158 4928 2013
6829 4909 2238 7200 4914 2013
6774 4900 2210 7237 4942 2032
6783 4942 2177 7134 4876 2051
6811 4895 2252 7186 4905 1994
6806 4919 2196 7144 4905 1999
6853 4956 2187 7195 4886 2004
6839 4872 2224 7205 4919 2013
6811 4914 2210 7125 4914 2060
6829 4937 2215 7223 4947 2037
6853 4876 2196 7144 4928 2046
6839 4900 2210 7190 4914 2041
6853 4895 2220 7209 4881 2013
6820 4872 2238 7270 4895 2037
6825 4909 2238 7158 4928 2037
6876 4914 2215 7200 4923 2051
6862 4900 2262 7167 4886 2018
6811 4891 2313 7148 4905 2004
6792 4909 2243 7167 4933 1999
6820 4876 2299 7219 4881 1990
6876 4891 2290 7242 4919 2027
6797 4867 2224 7139 4914 2004
6797 4891 2229 7214 4895 1990
6802 4928 2281 7209 4900 1986
